1 ,2 ,3 ,4 ,5 ,6 ,7 ,8 ,9 ,10 ,11 ,12 ,13 ,14 ,15 ,16 ,17 ,18 ,19 ,20 ,21 ,22 ,23 ,24 ,25 ,26 ,27 ,28 ,29 ,30 ,31 ,32 ,33 ,34 ,35 ,36 ,37 ,38 ,39 ,40 ,41 ,42 ,43 ,44 ,45 ,46 ,47 ,48 ,49 ,50 ,51 ,52 ,53 ,54 ,
-56.411538,5.709272,-1.358233,0.451786,-0.022555,0.579584,-0.221961,-0.283526,-0.213742,0.008083,0.185754,-0.290032,-0.113849,1.250258,0.693407,0.637130,0.533326,0.479411,0.516692,0.534724,0.502065,0.521496,0.567291,0.560051,0.572918,0.554661,2.085408,0.696448,0.670987,0.698349,0.389081,0.533821,0.689501,0.406290,0.548501,0.780134,0.793453,0.665910,0.540298,0.419814,0.239429,0.204144,0.144764,0.095408,0.136502,0.151183,0.142380,0.139230,0.171663,0.161222,0.184129,0.174615,1,0
-58.689842,6.121164,-0.886675,0.351073,0.056894,0.912353,0.004073,0.024559,-0.327030,-0.463031,-0.016987,0.058083,0.480226,0.902331,0.695416,0.550899,0.541993,0.471818,0.478109,0.480352,0.449941,0.456730,0.474003,0.474461,0.490790,0.449330,1.683149,1.161727,0.748981,0.886189,0.512698,0.740565,0.563434,0.515549,0.677334,0.867948,0.856274,0.910843,0.668281,0.353935,0.271327,0.184601,0.164014,0.120160,0.128380,0.140434,0.113671,0.131860,0.156981,0.163583,0.196623,0.161237,1,0
-54.813332,5.788564,-1.054745,0.511408,0.080241,0.908571,-0.035266,-0.162105,-0.440825,-0.331872,-0.084194,-0.234237,0.098953,1.270076,0.713261,0.565126,0.544540,0.471110,0.511380,0.522788,0.472699,0.494471,0.521242,0.517735,0.561645,0.527583,1.392157,0.625907,0.506035,0.687609,0.277889,0.521127,0.424863,0.315522,0.428994,0.437621,0.490561,0.551178,0.454690,0.363952,0.205623,0.157345,0.148527,0.109048,0.130978,0.142693,0.106583,0.135699,0.151370,0.151389,0.199102,0.164404,1,0
-58.566202,4.928203,-1.248207,0.837207,-0.036471,1.055454,-0.759499,-0.087514,-0.174439,-0.399893,-0.101081,0.487376,-0.177219,0.915705,0.698195,0.552603,0.514011,0.485144,0.492025,0.476537,0.489601,0.502710,0.465360,0.532236,0.514130,0.480270,3.675079,1.223104,1.017069,0.543185,0.479923,0.652524,0.555516,0.716046,0.804137,0.656801,1.024306,0.897467,0.646674,0.397822,0.274308,0.189014,0.164299,0.137476,0.149304,0.133015,0.129371,0.174304,0.140698,0.229798,0.212421,0.150757,1,0
-55.053173,5.036084,-1.061417,0.890077,-0.253171,0.362559,-0.179419,0.605127,0.188129,-0.220681,-0.107174,0.005789,-0.099174,0.993506,0.722569,0.574357,0.575872,0.512910,0.540031,0.538319,0.615468,0.590722,0.610042,0.621250,0.523947,0.537465,1.421918,0.888843,0.575918,0.516504,0.522796,0.569255,0.649763,0.870435,0.709940,0.768744,0.834231,0.531165,0.542861,0.299304,0.234014,0.145841,0.168752,0.149021,0.129108,0.154437,0.228837,0.200282,0.223406,0.226725,0.161161,0.161386,1,0
-56.465568,6.053108,-0.670616,1.672995,-0.320712,0.230950,-0.252295,0.108850,-0.048109,-0.032799,0.025409,-0.145823,-0.256440,1.682058,0.761662,0.536146,0.517313,0.506673,0.480628,0.474570,0.495885,0.513051,0.499548,0.483968,0.473753,0.450236,4.749092,0.864077,0.442446,0.336326,0.368053,0.324845,0.303728,0.395769,0.454721,0.439810,0.464326,0.435293,0.461895,1.046364,0.288429,0.128585,0.115770,0.124292,0.132355,0.108175,0.142534,0.148518,0.136004,0.151607,0.105439,0.121776,1,0
-57.698914,5.922848,-0.296986,1.644604,-0.122819,0.147642,-0.224837,0.050115,-0.260001,-0.477820,-0.125531,-0.098716,0.191396,1.005537,0.569596,0.488594,0.502112,0.470180,0.451089,0.482377,0.467388,0.458185,0.449497,0.463378,0.421080,0.433121,3.566136,0.968444,0.399018,0.474725,0.481756,0.372907,0.621532,0.659807,0.545270,0.546586,0.563776,0.531439,0.593078,0.643538,0.187679,0.130991,0.119705,0.112368,0.109557,0.112659,0.121549,0.107152,0.135701,0.138199,0.105675,0.165407,1,0
-57.821806,5.936773,-0.488615,1.456747,-0.284333,0.276173,-0.270660,0.131918,0.125268,0.147795,0.086335,-0.259821,-0.273557,1.607740,0.767185,0.533672,0.529926,0.523893,0.454860,0.486749,0.457096,0.466221,0.471744,0.496897,0.484885,0.458792,5.564199,1.197914,0.768566,0.511944,0.454169,0.526462,0.604125,0.577655,0.453200,0.502687,0.574820,0.591490,0.704436,1.188497,0.293437,0.168760,0.125804,0.130361,0.105793,0.141308,0.104937,0.118584,0.125320,0.154744,0.141440,0.166922,1,0
-57.754667,5.579055,-0.565288,1.505042,-0.360420,-0.079801,-0.240872,0.125442,-0.119508,-0.317641,0.044844,-0.230102,-0.059831,1.309683,0.714985,0.582834,0.507572,0.518215,0.485126,0.513681,0.519017,0.533026,0.559155,0.536534,0.536072,0.537898,4.038961,0.942413,0.490590,0.344398,0.431855,0.434561,0.407717,0.478047,0.561873,0.682004,0.638812,0.646160,0.631427,0.640164,0.258844,0.155143,0.103640,0.125447,0.106047,0.126798,0.153244,0.176412,0.176793,0.179036,0.157903,0.159385,1,0
-61.470387,6.188776,0.672483,1.656535,-0.355965,0.562096,-0.144847,0.136847,0.094270,-0.158932,0.189192,0.025116,0.085712,0.789007,0.557974,0.437391,0.456869,0.447233,0.440108,0.415759,0.436343,0.430957,0.410045,0.421524,0.402049,0.384739,4.280656,1.384667,0.413705,0.476147,0.453639,0.438038,0.353258,0.478061,0.685486,0.605258,0.585085,0.668675,0.582802,0.434133,0.264057,0.107862,0.127209,0.117289,0.095780,0.093891,0.105350,0.111662,0.098369,0.133007,0.143470,0.115330,1,0
-59.176048,5.556959,-0.874353,1.048630,-0.342316,0.166929,-0.599955,-0.287898,-0.272208,-0.270742,0.090954,-0.107946,-0.095508,1.574687,0.753898,0.665200,0.564480,0.555823,0.510280,0.527206,0.561070,0.530696,0.552277,0.542140,0.555026,0.449021,4.686786,1.090006,0.909785,0.573092,0.537258,0.610067,0.610063,0.738953,0.708757,0.771259,0.780570,0.708983,0.547177,0.780282,0.266705,0.261451,0.126241,0.142570,0.131662,0.171763,0.208811,0.201802,0.186622,0.241101,0.208772,0.131650,1,0
-62.717946,8.891184,-0.585514,1.567059,-0.073392,0.034727,-0.819334,-0.453573,0.017701,0.314824,-0.155423,-0.438091,0.055090,1.058089,0.649457,0.482635,0.446956,0.450533,0.431607,0.433833,0.435329,0.412611,0.463609,0.397062,0.388990,0.398711,2.224640,1.654762,0.856252,0.434703,0.471304,0.382312,0.472597,0.506557,0.567422,0.786102,0.539023,0.485445,0.439908,0.589097,0.260142,0.146961,0.097911,0.105437,0.112739,0.088856,0.110252,0.118867,0.125547,0.126462,0.119555,0.105925,1,0
-61.191966,7.261303,-0.810509,1.458179,-0.315999,0.175389,-0.657877,-0.445327,-0.466391,-0.475506,-0.128079,-0.162365,0.030398,1.294228,0.742416,0.527114,0.483828,0.485706,0.478522,0.486542,0.500179,0.511638,0.530893,0.522968,0.466108,0.477489,5.937995,2.207488,0.645936,0.536118,0.452068,0.638895,0.480306,0.549016,0.737037,0.777171,0.837828,0.642031,0.649055,0.980937,0.427991,0.148413,0.110425,0.102848,0.136628,0.130498,0.145794,0.191600,0.189139,0.195454,0.170781,0.155232,1,0
-60.123214,6.345541,-0.725817,1.479687,-0.248500,0.030768,-0.635784,-0.115124,0.090041,0.238544,0.171906,-0.080013,-0.052467,2.228159,1.147808,0.617849,0.541253,0.526327,0.532406,0.507283,0.534995,0.534451,0.504824,0.494334,0.479616,0.445239,5.689785,2.271357,0.708326,0.588521,0.470156,0.616172,0.520096,0.637328,0.843568,0.829121,0.743404,0.669806,0.561355,1.029899,0.529598,0.172617,0.144269,0.135099,0.142352,0.105002,0.188679,0.208172,0.178995,0.195472,0.138114,0.117094,1,0
-59.298330,6.944564,-0.931858,1.678485,-0.308964,0.014054,-0.530956,-0.058375,-0.212655,-0.357962,-0.369669,-0.256380,-0.010124,1.574714,0.731516,0.552031,0.529505,0.489332,0.466551,0.483151,0.480503,0.493378,0.477940,0.467318,0.469596,0.456130,4.204426,1.430476,0.491259,0.449099,0.438002,0.428929,0.421417,0.531847,0.634305,0.619977,0.485957,0.537086,0.428575,0.888734,0.259982,0.144365,0.137258,0.109616,0.101186,0.101523,0.109877,0.139170,0.107661,0.128337,0.128914,0.143334,1,0
-66.124420,5.601356,-1.063611,0.636915,-0.897629,-0.344932,-0.386089,-0.051345,0.136467,-0.077729,-0.045954,-0.111341,-0.137869,0.775101,0.653740,0.519889,0.497193,0.473122,0.464753,0.484840,0.510764,0.489498,0.504298,0.504528,0.487658,0.438834,4.390471,2.327849,0.940429,1.033819,0.658106,0.631439,0.719266,1.038040,1.081493,1.106888,1.066251,0.954777,0.776335,0.358990,0.269314,0.138006,0.103406,0.110187,0.096258,0.131045,0.141683,0.166191,0.159728,0.169164,0.144235,0.108041,1,0
-68.799985,7.726783,0.452838,1.330343,0.000336,0.313247,0.316036,0.497154,0.266027,-0.147012,-0.135747,-0.259491,-0.219214,1.680738,0.646096,0.523977,0.528119,0.485590,0.460277,0.502632,0.459862,0.480950,0.472577,0.453669,0.450478,0.427079,4.362090,0.899215,0.459751,0.427316,0.387607,0.359673,0.522490,0.556725,0.612797,0.736259,0.496004,0.418001,0.393239,0.731633,0.190715,0.124845,0.118426,0.106205,0.092439,0.111390,0.095443,0.110999,0.135613,0.124811,0.101437,0.100691,1,0
-58.933451,7.083200,-1.508824,0.361663,-0.422653,-0.069625,-0.451180,-0.404455,-0.415977,-0.235197,0.078797,0.023759,-0.046147,1.474586,0.798623,0.594246,0.534790,0.490192,0.504407,0.487451,0.474748,0.498250,0.505527,0.503942,0.484794,0.462056,5.790920,1.560426,0.979086,0.775317,0.450059,0.563915,0.550555,0.461623,0.657420,0.547644,0.686323,0.715317,0.449877,0.846782,0.274595,0.159769,0.128494,0.134481,0.121394,0.129444,0.100570,0.139560,0.133815,0.148895,0.137376,0.124466,1,0
-63.986531,7.584273,-0.684368,1.336084,-0.177740,-0.217875,-0.707413,-0.409065,-0.026610,-0.008959,0.156179,0.163948,-0.007214,1.090015,0.685171,0.496585,0.483137,0.463387,0.455061,0.464207,0.471560,0.469880,0.491007,0.454759,0.445072,0.404794,4.165065,2.903635,0.750610,0.638258,0.602714,0.476648,0.645119,0.879349,0.876098,0.862872,0.941291,0.694380,0.557536,0.656501,0.354942,0.135853,0.139086,0.142052,0.108952,0.154353,0.155054,0.165455,0.161777,0.167065,0.152251,0.120247,1,0
-68.552797,6.433678,-0.264131,1.258922,-0.466461,0.210514,0.056408,0.492129,0.150195,-0.283112,-0.202594,-0.218890,-0.056401,1.349227,0.658796,0.532037,0.504803,0.481696,0.457851,0.478447,0.475679,0.495950,0.448656,0.468673,0.454065,0.434255,4.941947,1.990784,0.754467,0.681495,0.616916,0.458062,0.667974,0.834701,0.910474,0.833211,0.556296,0.685759,0.595562,0.793734,0.359904,0.146650,0.119780,0.123146,0.106566,0.131797,0.133395,0.171512,0.157835,0.146998,0.156097,0.182242,1,0
-58.066842,7.396115,-1.003514,1.379193,-0.173086,0.151423,-0.432132,0.046954,0.026053,-0.158480,-0.064927,-0.096993,-0.146612,1.892681,0.951961,0.615831,0.511492,0.474957,0.479482,0.477626,0.463899,0.515230,0.475580,0.496270,0.511702,0.416662,3.996737,1.675572,0.766800,0.470173,0.375530,0.410554,0.483341,0.502155,0.597790,0.623990,0.662354,0.703963,0.423206,1.146700,0.364553,0.172151,0.108770,0.098411,0.112202,0.112899,0.095867,0.114930,0.149453,0.190346,0.170524,0.144368,1,0
-57.358779,6.903106,-1.001771,1.240920,-0.502217,-0.043804,-0.319644,0.127846,-0.178054,-0.378278,-0.153174,-0.327528,-0.292980,1.486155,0.821679,0.577209,0.494221,0.475394,0.484646,0.499870,0.488998,0.494874,0.493628,0.521693,0.474065,0.454936,5.531369,1.417604,0.614015,0.454708,0.398420,0.322919,0.464053,0.453358,0.518044,0.564370,0.449954,0.424685,0.381785,0.679179,0.353148,0.152588,0.106499,0.086061,0.108445,0.131501,0.132143,0.121768,0.122424,0.169104,0.132259,0.111442,1,0
-57.273436,7.371326,-1.135208,1.326683,-0.117104,0.285433,-0.383340,-0.313785,-0.259733,0.094529,0.068347,-0.115587,-0.198443,1.323719,0.640712,0.494578,0.459902,0.458820,0.449039,0.419045,0.463558,0.468316,0.478655,0.443079,0.447601,0.421717,6.164397,0.909583,0.532646,0.491312,0.373098,0.320076,0.367652,0.480425,0.462845,0.483399,0.471520,0.509646,0.499354,0.667050,0.192255,0.125761,0.102365,0.094125,0.086055,0.082192,0.107092,0.104662,0.117870,0.101074,0.109765,0.096785,1,0
-64.382163,7.624121,0.166395,1.785706,0.214612,0.300060,0.104277,0.466863,0.561194,-0.032501,-0.196395,-0.397359,-0.197021,0.974972,0.552924,0.502721,0.444689,0.455878,0.438579,0.444775,0.435187,0.413326,0.415080,0.421574,0.433924,0.399743,4.022894,0.838048,0.828351,0.497977,0.501226,0.401498,0.369682,0.474906,0.534141,0.582295,0.602097,0.557653,0.361026,0.657013,0.196871,0.140227,0.087722,0.101418,0.096091,0.095528,0.104780,0.090044,0.092189,0.093761,0.106262,0.081125,1,0
-53.756592,7.328661,-1.025504,1.178930,-0.296772,0.358850,-0.170194,-0.141379,-0.197628,-0.160220,-0.153592,-0.067741,-0.181441,1.857180,0.734338,0.511467,0.483368,0.475654,0.467469,0.469575,0.469583,0.487385,0.494785,0.468740,0.464170,0.437122,1.826763,0.946457,0.302316,0.388333,0.345465,0.290746,0.381311,0.407256,0.516696,0.574367,0.506589,0.440529,0.397101,0.754530,0.199404,0.123367,0.099989,0.091357,0.093460,0.093428,0.095799,0.118320,0.130644,0.121505,0.114481,0.089963,1,0
-54.230086,7.619737,-1.167243,1.327450,-0.155297,0.384929,-0.110143,-0.242611,-0.405366,-0.182652,-0.136506,-0.184287,-0.220071,1.469609,0.716733,0.512475,0.474994,0.440131,0.445746,0.453388,0.463355,0.475059,0.478374,0.456613,0.443543,0.409289,1.179028,0.932013,0.367358,0.310854,0.310250,0.295909,0.356498,0.444650,0.493229,0.513664,0.502395,0.324421,0.304848,0.451335,0.207468,0.135090,0.103792,0.085097,0.095226,0.102575,0.109000,0.136500,0.145242,0.111974,0.099262,0.100573,1,0
-58.958772,7.452523,-1.711105,0.847285,-0.338985,0.195791,-0.413860,-0.155064,-0.054877,-0.188222,-0.156730,-0.014773,-0.039096,1.805046,0.787818,0.629872,0.551324,0.488759,0.499822,0.515860,0.517554,0.504815,0.506358,0.495157,0.490676,0.464219,5.544340,1.261178,0.973879,0.739095,0.471859,0.538713,0.512739,0.456583,0.599276,0.613380,0.499215,0.491066,0.487398,1.198028,0.297596,0.221768,0.142502,0.115441,0.101265,0.110892,0.140869,0.128489,0.143922,0.143735,0.152810,0.113842,1,0
-61.746277,9.010001,0.028280,1.127653,-0.169478,0.236994,-0.311606,0.089741,0.068005,-0.193357,-0.250862,-0.289065,-0.073698,0.746665,0.504273,0.465566,0.467255,0.453942,0.445713,0.442290,0.443653,0.446478,0.439854,0.432525,0.437884,0.400317,4.099847,0.980465,0.663635,0.504129,0.543227,0.421407,0.431212,0.454204,0.532770,0.584090,0.651382,0.564970,0.488645,0.498188,0.134940,0.139644,0.102403,0.099652,0.107925,0.114882,0.081462,0.108762,0.130082,0.104839,0.116225,0.102381,1,0
-54.190126,7.174474,-1.234040,1.136462,-0.049618,0.365853,-0.412655,-0.177795,-0.099049,-0.109870,-0.031708,-0.162298,-0.141419,1.352817,0.701818,0.528709,0.487520,0.480880,0.460670,0.463382,0.451421,0.475008,0.472675,0.444642,0.444135,0.423334,3.368951,1.584709,0.564816,0.421465,0.360996,0.438792,0.431363,0.402216,0.595828,0.633325,0.483883,0.534214,0.445378,0.826885,0.238336,0.173171,0.108014,0.113539,0.093301,0.106115,0.116022,0.108385,0.117297,0.090598,0.135059,0.104438,1,0
-58.109578,5.577885,-1.078100,1.244554,-0.405353,0.053907,-0.255274,-0.190301,-0.194669,-0.252896,0.121434,0.072903,0.041709,1.278334,0.806963,0.549669,0.514299,0.492135,0.496226,0.491958,0.486837,0.516734,0.521125,0.517513,0.483678,0.489278,6.514572,2.044741,0.531813,0.617411,0.548508,0.630678,0.560394,0.646660,0.654210,0.874486,0.899460,0.731704,0.730062,0.661010,0.308401,0.124097,0.135193,0.110125,0.103781,0.118840,0.118648,0.142004,0.177130,0.175025,0.137078,0.136331,1,0
-59.087285,7.100618,-0.624777,1.804387,-0.390658,0.079437,-0.096623,0.385525,0.303276,-0.087934,-0.026332,0.066794,0.054734,1.348528,0.685470,0.505334,0.472803,0.496290,0.477996,0.478763,0.487902,0.473134,0.439663,0.452019,0.434697,0.460398,4.032701,1.390439,0.438776,0.360567,0.480949,0.342560,0.377835,0.489876,0.415728,0.371104,0.324023,0.404051,0.382798,0.553818,0.211603,0.141822,0.103431,0.126804,0.108462,0.103651,0.130503,0.127624,0.091214,0.110593,0.126220,0.120876,1,0
-64.185855,8.672595,0.317190,1.635594,0.350995,0.255471,0.027773,0.492522,0.428848,0.270681,0.200979,-0.046427,-0.207836,2.327229,1.006989,0.622862,0.494850,0.480323,0.479193,0.481581,0.520860,0.536162,0.539242,0.514212,0.461526,0.463304,4.731972,1.166544,0.612205,0.394012,0.659071,0.313520,0.397449,0.397783,0.446305,0.419877,0.328131,0.310052,0.266539,0.602433,0.228212,0.130730,0.103709,0.120570,0.096196,0.113386,0.163077,0.192695,0.185586,0.188042,0.125801,0.162957,1,0
-69.905503,9.014900,0.874248,1.301636,0.131204,0.299487,0.179207,0.621521,0.389025,0.224312,0.159823,0.046947,0.071028,0.905792,0.514603,0.436166,0.416434,0.405508,0.391303,0.372857,0.362633,0.365124,0.368332,0.369319,0.336427,0.345808,2.804592,0.682162,0.519590,0.355857,0.434622,0.395221,0.316112,0.365604,0.364811,0.416136,0.396030,0.273142,0.330456,0.290608,0.134266,0.109211,0.098814,0.097054,0.086686,0.084761,0.091587,0.078368,0.079783,0.076698,0.074301,0.071432,1,0
-67.140177,7.088861,-0.516206,1.703712,-0.182375,0.384874,-0.104990,0.430977,-0.077644,-0.332359,0.057153,0.077829,0.030769,1.040688,0.562560,0.453045,0.427938,0.440210,0.414453,0.417729,0.429468,0.407941,0.417344,0.405674,0.380329,0.422405,6.825332,1.885560,0.686302,0.435407,0.526411,0.549862,0.754310,0.713553,0.714160,0.793261,0.652310,0.629611,0.763542,0.688758,0.220067,0.161907,0.112522,0.142507,0.139266,0.125146,0.132627,0.128460,0.179080,0.147221,0.166330,0.196035,1,0
-58.109782,6.171074,-0.608695,1.872380,-0.046248,0.599898,0.120100,0.461641,0.238014,-0.197489,-0.334663,-0.411292,-0.183949,1.002667,0.643109,0.493374,0.468893,0.468028,0.495253,0.476529,0.471290,0.512004,0.484339,0.545802,0.461990,0.461681,3.864561,1.578842,0.717100,0.619069,0.431472,0.597707,0.545417,0.530531,0.805959,0.726762,1.037155,0.716484,0.641814,0.445618,0.255699,0.143041,0.108994,0.121953,0.154063,0.136829,0.130864,0.162605,0.142588,0.207094,0.149629,0.138722,1,0
-60.473703,7.821613,-0.533461,1.969647,0.268601,0.349346,-0.071308,0.504138,0.144119,-0.091603,0.069341,0.022977,-0.256837,2.092157,0.926465,0.614524,0.522180,0.518068,0.500869,0.555264,0.482904,0.498533,0.504282,0.495432,0.496199,0.510728,4.748257,2.146125,1.045463,0.413573,0.498866,0.370065,0.394652,0.454713,0.398252,0.422610,0.413677,0.390079,0.341084,0.950671,0.330345,0.139261,0.129808,0.110390,0.137261,0.138095,0.116487,0.126652,0.148489,0.174072,0.135282,0.147712,1,0
-64.993265,6.721533,0.386849,1.464896,0.295408,0.510864,-0.399909,0.121978,0.157661,0.144558,-0.090669,-0.306597,-0.618077,1.180132,0.710654,0.484794,0.456784,0.454112,0.449279,0.446360,0.457920,0.438032,0.440617,0.443017,0.439105,0.420948,3.905949,2.125905,0.973543,0.534924,0.444540,0.672546,0.440008,0.383446,0.308735,0.432222,0.482922,0.594973,0.628354,0.542074,0.395697,0.116818,0.097692,0.092420,0.081366,0.084301,0.117279,0.104455,0.099879,0.150056,0.120863,0.122591,1,0
-56.605666,5.640688,-1.252456,1.849871,-0.218410,0.148083,-0.475953,0.235483,0.289042,-0.135572,-0.177345,-0.324697,-0.611271,1.471890,0.713717,0.553911,0.524210,0.543844,0.481425,0.513968,0.510564,0.509069,0.496647,0.493214,0.500158,0.462820,4.517029,1.774467,0.493071,0.532019,0.444892,0.553640,0.376087,0.531707,0.566540,0.499579,0.494274,0.517246,0.525236,0.640692,0.254612,0.152332,0.134424,0.148725,0.126840,0.129087,0.154645,0.154859,0.122170,0.143884,0.156264,0.118815,1,0
-56.805928,6.933119,-1.233413,1.759830,0.095405,0.382025,-0.289256,0.190720,-0.063758,-0.240315,-0.087384,0.017160,-0.161621,1.354033,0.714713,0.478465,0.453758,0.445459,0.428552,0.425509,0.443569,0.434355,0.433197,0.405368,0.407501,0.399463,4.618925,1.417039,0.467215,0.398520,0.354639,0.351130,0.452968,0.558879,0.499056,0.443735,0.446999,0.405712,0.319184,1.005915,0.342154,0.153113,0.130270,0.120300,0.110337,0.125096,0.132491,0.123204,0.120227,0.113054,0.123433,0.106807,1,0
-65.252502,5.494624,-1.103146,0.531343,-0.044633,0.076890,-0.678277,-0.121224,0.573489,-0.454535,0.044943,0.391994,-0.226423,1.323429,0.730660,0.520244,0.529060,0.484149,0.502964,0.511927,0.506876,0.497994,0.515911,0.503605,0.446473,0.419967,5.185191,1.403833,0.820209,0.949498,0.495805,0.672051,1.041752,0.700584,0.872903,0.841835,1.055584,0.796120,0.465762,0.838171,0.294782,0.170406,0.138016,0.150529,0.119171,0.147428,0.130454,0.157287,0.159811,0.154805,0.120538,0.118565,1,0
-61.162412,6.175987,-0.915117,1.156346,-0.368657,-0.069817,-0.270304,0.325270,0.277578,-0.019718,-0.314875,-0.566932,-0.653334,1.051020,0.641026,0.457614,0.437356,0.430443,0.396523,0.423300,0.417318,0.399356,0.389836,0.407248,0.380605,0.374394,4.345151,1.610873,0.932124,0.605901,0.512012,0.357816,0.590001,0.428763,0.497496,0.492026,0.514345,0.555123,0.483946,0.552197,0.286023,0.142978,0.123774,0.107108,0.082234,0.114557,0.105519,0.092767,0.088911,0.109571,0.095644,0.099739,1,0
-61.857894,6.476919,-1.446351,1.490152,-0.216902,0.053519,-0.201073,0.143364,-0.196343,-0.477611,-0.250710,-0.183220,-0.282628,1.361180,0.640752,0.458859,0.479743,0.421655,0.434669,0.442986,0.395023,0.405399,0.393198,0.393021,0.380709,0.377900,4.688308,1.668372,0.570584,0.670924,0.588690,0.470402,0.592860,0.604952,0.667558,0.727772,0.581457,0.518761,0.472177,0.749092,0.241814,0.149771,0.132735,0.106254,0.116388,0.132302,0.102185,0.105630,0.110458,0.106163,0.109575,0.110565,1,0
-49.475063,7.952263,-2.375574,0.801016,-0.280701,0.123029,-0.482649,-0.217332,0.150834,0.138383,-0.078819,0.038196,0.030481,1.798369,0.757604,0.522603,0.498478,0.504744,0.490730,0.478911,0.488755,0.466176,0.464170,0.471895,0.457744,0.469999,2.485195,1.100312,0.628254,0.356958,0.322751,0.269131,0.299785,0.310015,0.386149,0.393508,0.459483,0.430154,0.380375,0.666370,0.255422,0.129202,0.107262,0.103958,0.118517,0.093266,0.108379,0.111397,0.100541,0.104364,0.129749,0.122245,1,0
-55.512759,9.527283,0.046177,0.577415,0.457598,0.006670,-0.067116,-0.208431,-0.339256,-0.307153,-0.468456,-0.403357,-0.258442,1.419987,0.650323,0.568105,0.461597,0.420765,0.402358,0.394170,0.437366,0.409530,0.416427,0.408137,0.390992,0.379934,3.682481,1.340867,1.191637,0.633940,0.453902,0.414149,0.493098,0.557508,0.580381,0.498097,0.598236,0.627407,0.625232,0.867820,0.336697,0.218372,0.132561,0.116819,0.107062,0.129960,0.155477,0.141988,0.138749,0.141990,0.143787,0.147642,1,0
-62.664964,7.755109,-0.776426,1.235726,-0.021209,0.576095,-0.754571,-0.337491,-0.691847,-0.518498,-0.033954,-0.064517,-0.446519,1.277814,0.830135,0.485127,0.497452,0.492493,0.459971,0.505387,0.485318,0.445683,0.479844,0.479384,0.473445,0.445443,2.522289,1.487651,0.668148,0.671112,0.591621,0.575865,0.940704,0.734042,1.053905,0.746291,0.709219,0.659894,0.605524,0.710244,0.529270,0.146019,0.152782,0.170121,0.162853,0.190656,0.176744,0.125310,0.224521,0.194640,0.178872,0.186686,1,0
-50.962559,8.166726,-1.149952,0.887378,-0.089468,0.119568,-0.094950,0.075512,-0.124782,-0.029081,-0.277531,-0.141309,-0.062067,1.749269,0.732567,0.511542,0.528294,0.495991,0.453931,0.485536,0.533980,0.494053,0.536588,0.490649,0.434197,0.373784,1.733710,0.727823,0.614548,0.719153,0.545700,0.572405,0.484694,0.495655,0.560120,0.599680,0.536758,0.480719,0.376663,0.770598,0.268718,0.183818,0.196237,0.148846,0.156315,0.182336,0.186466,0.174463,0.220071,0.169424,0.139393,0.106024,1,0
-47.372306,4.968344,-0.978564,0.879137,0.143079,0.189488,-0.118259,0.021970,-0.183170,-0.064524,-0.016587,-0.171261,-0.146275,0.800101,0.527647,0.447913,0.458850,0.419948,0.423646,0.421364,0.420705,0.465643,0.407868,0.387250,0.404568,0.389889,1.056257,0.967710,0.339650,0.308983,0.511472,0.306262,0.334204,0.260396,0.304132,0.302145,0.301825,0.244412,0.293698,0.459258,0.190683,0.084250,0.097682,0.083635,0.092786,0.098018,0.099114,0.128760,0.109787,0.107037,0.095528,0.088544,1,0
-65.524685,7.836292,-1.090786,1.419447,0.082524,0.423920,0.064250,-0.257125,-0.246389,0.075050,0.006417,-0.083861,-0.274005,0.602993,0.513850,0.458587,0.474684,0.444466,0.429398,0.401624,0.421502,0.416324,0.395817,0.396948,0.350618,0.373448,3.412134,0.947355,0.613514,0.577468,0.577958,0.456243,0.353775,0.501875,0.372465,0.523544,0.530737,0.515964,0.508518,0.255043,0.202997,0.121260,0.145091,0.113218,0.091756,0.101667,0.109695,0.113096,0.105329,0.169486,0.091138,0.106725,1,0
-48.919388,6.765624,-0.967983,1.094054,0.065219,0.346685,-0.476313,0.056355,0.213667,-0.173844,0.158804,0.121808,0.023091,1.270066,0.750072,0.507851,0.448235,0.462825,0.444061,0.440193,0.409784,0.416403,0.429962,0.423511,0.446316,0.424071,4.608179,2.445974,0.902310,0.550936,0.640976,0.467663,0.436572,0.364069,0.494454,0.472558,0.474308,0.452974,0.427318,0.518869,0.347976,0.139674,0.108656,0.108521,0.105632,0.103413,0.111613,0.105920,0.109137,0.137528,0.153212,0.138241,1,0
-48.537196,4.466032,-0.806410,0.936842,0.091862,0.355868,-0.273626,-0.252681,-0.208664,-0.021084,-0.000742,-0.056111,-0.066971,1.472766,0.658859,0.482812,0.481937,0.441348,0.449185,0.448600,0.471825,0.459844,0.472903,0.436474,0.394940,0.401043,3.849259,1.089344,0.485095,0.494964,0.286765,0.354512,0.334646,0.435874,0.424793,0.608651,0.451015,0.366936,0.460963,0.809778,0.211803,0.112901,0.098646,0.078811,0.086986,0.091845,0.115298,0.118083,0.129254,0.111149,0.077615,0.097824,1,0
-67.304531,6.782041,-0.115857,2.152869,-0.061609,0.486431,-0.201594,0.294231,-0.333694,-0.433345,-0.463904,-0.193050,0.291830,0.570194,0.425257,0.418601,0.429589,0.434730,0.419893,0.425068,0.440735,0.431018,0.408239,0.365925,0.362712,0.382401,4.279838,1.073694,0.406064,0.305708,0.259137,0.259222,0.286253,0.408236,0.444798,0.436201,0.424500,0.274246,0.591665,0.244653,0.128667,0.089466,0.083966,0.074418,0.083634,0.085923,0.076413,0.086758,0.072348,0.061239,0.072466,0.082181,1,0
-56.710901,5.449291,0.090954,1.173859,0.534317,0.749711,0.144732,0.249063,0.128388,0.152287,0.172367,-0.012903,0.060754,1.353380,0.723286,0.434450,0.396691,0.382080,0.374043,0.375003,0.359667,0.354789,0.352895,0.343856,0.348273,0.340721,9.718944,1.300281,1.456308,0.566777,0.654001,0.483693,0.513666,0.359813,0.446797,0.548616,0.532049,0.545082,0.466656,1.233062,0.388312,0.153064,0.099331,0.083946,0.090246,0.092108,0.087390,0.079507,0.082084,0.080939,0.107096,0.097830,1,0
-53.921539,3.857431,-0.490727,0.725952,0.091468,0.528465,0.186873,0.182024,-0.174101,-0.036794,-0.106027,-0.259670,-0.153176,2.216462,0.948388,0.555745,0.492160,0.462441,0.447983,0.511654,0.535957,0.528976,0.533755,0.516589,0.456419,0.385046,4.317381,0.953521,0.625843,0.468509,0.381790,0.230871,0.549231,0.556896,0.503745,0.535039,0.457743,0.548250,0.381730,0.778831,0.245846,0.159324,0.125426,0.111762,0.104800,0.156280,0.198450,0.198815,0.184764,0.183114,0.134609,0.083980,1,0
-48.346281,6.319880,-1.819325,0.965046,-0.123698,0.548763,-0.269703,-0.123135,0.002660,0.073704,0.108340,-0.015269,-0.045235,2.037827,0.859032,0.534782,0.442009,0.454988,0.457380,0.423721,0.428592,0.429492,0.410785,0.395463,0.389750,0.393891,3.167859,1.318929,0.664905,0.269516,0.323257,0.282881,0.263346,0.260109,0.318302,0.278051,0.282188,0.235601,0.248043,0.909223,0.319145,0.172592,0.105797,0.082247,0.084302,0.088519,0.091770,0.118097,0.097919,0.081657,0.076852,0.094936,1,0
-48.297323,5.370288,-1.713825,1.935077,-0.438691,-0.762195,0.191951,-0.304710,-0.853873,0.366197,0.296042,-0.134668,0.235604,1.107935,0.677547,0.578571,0.520755,0.496936,0.525228,0.509895,0.485322,0.485002,0.506907,0.458873,0.433210,0.432417,2.950435,1.006000,0.817915,0.963832,1.265187,0.990974,1.021278,1.213442,1.005392,0.633253,0.727257,1.029172,0.511222,1.278125,0.297641,0.222723,0.199302,0.140555,0.156268,0.138730,0.135573,0.137137,0.184453,0.168469,0.163923,0.128442,1,0
-68.089626,8.653849,-0.436785,0.952161,0.291822,0.661904,0.059836,-0.305788,-0.244782,-0.248434,-0.433562,-0.457066,-0.659597,0.825136,0.608764,0.481795,0.452016,0.409643,0.417868,0.405242,0.416167,0.397540,0.393740,0.396754,0.394178,0.403410,4.407981,2.177950,1.162409,0.787329,0.527487,0.532045,0.564417,0.571634,0.819446,0.744061,0.709928,0.900881,0.982663,0.395183,0.213746,0.140044,0.122148,0.111374,0.117999,0.127945,0.137573,0.123371,0.116309,0.141633,0.132810,0.162606,1,0
-46.276899,5.685742,-1.571856,2.032916,-0.547112,0.242584,0.143097,-0.566161,-0.004783,0.397735,-0.059097,0.046612,0.371529,1.046421,0.586820,0.509076,0.482540,0.473548,0.429643,0.466756,0.421309,0.417082,0.405325,0.385493,0.391494,0.381971,2.711164,0.884534,0.457755,0.694744,0.505465,0.413460,0.521460,0.368861,0.295240,0.442806,0.299740,0.411704,0.338786,0.876991,0.256435,0.201914,0.167535,0.125841,0.112859,0.134190,0.104629,0.089119,0.093217,0.081663,0.088562,0.094812,1,0
-62.455410,5.781380,-0.971446,0.634535,-0.097912,0.450961,0.704958,0.207781,-0.418762,-0.235159,0.139300,0.003968,-0.121998,2.060516,0.841671,0.552487,0.571516,0.514323,0.534130,0.535484,0.549249,0.595000,0.556171,0.544420,0.542819,0.483218,4.762214,2.006565,0.996701,0.764750,0.608232,0.713959,0.916848,0.767083,0.800382,0.828866,0.669465,0.610670,0.406760,1.147430,0.458408,0.188830,0.181191,0.149454,0.163641,0.179421,0.172918,0.198145,0.218606,0.225872,0.185519,0.148058,1,0
-60.190430,8.178740,-1.258830,0.734595,-0.116882,0.880120,-0.363593,-0.319077,0.309136,0.248773,0.100640,0.193663,-0.088902,0.768812,0.526889,0.450318,0.426897,0.445102,0.417865,0.419528,0.424763,0.447773,0.434882,0.450102,0.377809,0.396021,3.230763,1.365923,0.990823,0.648256,0.591722,0.612415,0.601114,0.635896,0.896075,1.152891,0.813751,0.937961,0.690238,0.372894,0.235521,0.154558,0.106302,0.124350,0.110982,0.120293,0.141670,0.153936,0.206204,0.182789,0.123815,0.148779,1,0
-52.733113,5.977407,-1.149865,1.553320,-0.181541,0.270932,-0.290878,-0.059517,-0.072398,-0.000057,-0.068050,-0.118210,-0.076198,2.332432,1.046558,0.561749,0.530425,0.475946,0.450707,0.460413,0.512845,0.503590,0.493187,0.478310,0.466817,0.440114,3.603616,0.866582,0.818626,0.326057,0.286683,0.309935,0.248674,0.409903,0.447934,0.353441,0.367292,0.298910,0.253080,0.808188,0.333472,0.176986,0.140244,0.101334,0.093512,0.106841,0.123923,0.173959,0.164170,0.137257,0.112769,0.092723,1,0
-51.528559,5.436338,-1.082725,1.157870,-0.159602,0.169446,-0.221336,0.047059,-0.090782,-0.041820,-0.135611,-0.148638,-0.065781,2.140593,1.005205,0.575841,0.514674,0.488062,0.480190,0.426658,0.475323,0.468052,0.466926,0.450709,0.438965,0.463262,2.521477,0.847605,0.617645,0.318568,0.278238,0.236567,0.241831,0.303131,0.310505,0.398195,0.293584,0.350296,0.349476,0.759145,0.363876,0.144645,0.125430,0.102539,0.113999,0.086781,0.097796,0.116988,0.115642,0.125583,0.115878,0.153979,1,0
-57.202921,7.064739,-1.169982,1.395240,0.252043,0.570737,-0.115143,0.091546,-0.092815,-0.083983,-0.120735,0.220618,0.210141,2.293523,0.954485,0.705563,0.502537,0.486702,0.471508,0.501256,0.515559,0.494646,0.517075,0.625881,0.541020,0.656292,4.691087,1.252779,0.718483,0.392776,0.686965,0.410280,0.371310,0.434131,0.401176,0.452494,0.689231,0.542248,0.595117,1.036757,0.426954,0.245551,0.113341,0.135359,0.108169,0.155521,0.137020,0.121027,0.150691,0.250417,0.206291,0.270958,1,0
-59.575585,6.760148,-0.853676,1.249236,0.269531,0.253661,0.049390,0.209703,0.257209,0.041861,0.048548,0.101272,0.053769,1.779933,0.858801,0.515164,0.478941,0.543770,0.513937,0.419016,0.437212,0.444874,0.429904,0.426928,0.434437,0.397095,8.020063,1.443149,0.890349,0.580018,0.470781,0.365626,0.359103,0.490575,0.414782,0.366654,0.414762,0.384485,0.392114,1.200802,0.451767,0.129139,0.099836,0.177532,0.146781,0.103156,0.103588,0.110562,0.105933,0.113424,0.129489,0.100986,1,0
-68.665360,10.698935,2.094473,0.872945,0.597795,0.233380,-0.008187,-0.196782,-0.376233,-0.345173,-0.052556,-0.001016,-0.100951,1.094207,0.527930,0.460483,0.436411,0.363058,0.329841,0.377371,0.375846,0.346781,0.387871,0.381690,0.331770,0.321846,2.793330,0.745580,1.112293,0.577323,0.360485,0.307633,0.349446,0.416627,0.384122,0.517195,0.604525,0.547478,0.478342,0.541762,0.161460,0.197456,0.156243,0.108251,0.090004,0.136216,0.129229,0.108969,0.185233,0.157352,0.118508,0.121852,1,0
-70.417746,8.874694,1.895325,0.710846,0.249572,0.072974,-0.228526,-0.384444,-0.312445,0.035206,0.062275,-0.039385,-0.270232,1.503244,0.577805,0.446831,0.405700,0.378589,0.411181,0.424879,0.386303,0.406232,0.375282,0.359656,0.359365,0.376430,4.886287,1.207273,1.843306,0.588330,0.663026,0.605101,0.580182,0.541318,0.702849,0.747529,0.566329,0.528216,0.498270,1.303912,0.333852,0.185666,0.147056,0.137655,0.172543,0.181081,0.155029,0.174941,0.147214,0.151836,0.145853,0.160915,1,0
-65.953005,10.362723,0.990048,0.512682,0.360452,0.275399,-0.130946,-0.052985,-0.252309,-0.169215,0.232683,0.502305,0.135101,1.775827,0.788033,0.597228,0.524057,0.511512,0.468627,0.527383,0.486467,0.490783,0.469685,0.508811,0.496705,0.466285,4.831750,0.693186,1.352978,0.665448,0.693082,0.564270,0.755115,0.832266,0.770879,0.595322,0.625619,0.677321,0.618336,0.788270,0.246931,0.180799,0.150833,0.179314,0.143107,0.202860,0.167451,0.189994,0.178945,0.193652,0.176864,0.149118,1,0
-65.859710,10.282244,0.886326,0.879094,0.374834,0.138652,-0.263370,-0.414284,-0.502079,-0.425180,-0.088153,-0.068581,-0.168658,1.564735,0.691242,0.555244,0.495622,0.479268,0.405960,0.435075,0.438764,0.442718,0.489762,0.547363,0.544657,0.487564,4.217300,1.019100,1.316829,0.676678,0.473333,0.461800,0.571772,0.501691,0.514645,0.808090,0.782197,0.722123,0.640538,0.753369,0.239764,0.211982,0.160566,0.153032,0.139296,0.163762,0.153756,0.170911,0.189912,0.256363,0.254645,0.202492,1,0
-66.869628,8.930924,1.444520,0.891418,0.217591,0.105523,-0.318913,-0.185912,-0.324915,-0.103730,0.075258,0.170473,-0.045897,1.725069,0.786735,0.530616,0.505804,0.488915,0.447381,0.444235,0.400399,0.398494,0.426451,0.374186,0.367152,0.349399,8.080801,2.304337,1.612601,0.675806,0.642037,0.479339,0.528968,0.488174,0.458066,0.569103,0.540306,0.359602,0.336817,1.171131,0.493366,0.228328,0.228403,0.215490,0.152076,0.169216,0.132342,0.180368,0.184729,0.116834,0.114262,0.107361,1,0
-53.906133,6.410685,-1.797099,0.954222,-0.435917,0.482318,-0.446403,-0.205508,-0.107087,-0.251873,-0.267191,-0.395150,-0.259003,1.356173,0.754165,0.563085,0.493374,0.488376,0.464279,0.471042,0.496269,0.476773,0.495695,0.483449,0.448697,0.447769,3.147372,0.836692,0.529088,0.374055,0.414375,0.467750,0.417872,0.666044,0.447050,0.561630,0.575241,0.493682,0.476474,0.575304,0.189924,0.131691,0.091856,0.118266,0.101671,0.100176,0.117210,0.124225,0.140316,0.121971,0.124423,0.147501,1,0
-58.285651,6.780585,-1.687845,1.109595,-0.480330,0.433588,-0.425106,-0.002992,-0.220769,-0.276603,-0.297385,-0.561845,-0.441154,0.735851,0.572100,0.527001,0.499241,0.492400,0.466493,0.473582,0.457540,0.443200,0.441533,0.424194,0.414596,0.438177,2.535552,0.850867,0.822730,0.482262,0.452893,0.475016,0.453752,0.446294,0.498540,0.461323,0.419724,0.720475,0.777434,0.347474,0.172499,0.132233,0.146207,0.124983,0.122493,0.124133,0.106559,0.116440,0.120849,0.101443,0.104868,0.122660,1,0
-59.733209,6.792187,-0.925346,1.411507,-0.454461,0.322987,-0.215712,0.007576,-0.047350,-0.211624,-0.103489,-0.062738,-0.111480,2.347040,0.884855,0.591334,0.536444,0.498474,0.498109,0.466446,0.485267,0.520372,0.486459,0.472153,0.444166,0.465275,5.481188,0.894508,0.772748,0.474229,0.415596,0.417625,0.291764,0.409145,0.694759,0.509821,0.464346,0.452293,0.464835,1.410847,0.330029,0.174543,0.124224,0.110708,0.111805,0.106624,0.129839,0.153806,0.124834,0.140258,0.124792,0.123069,1,0
-56.663883,6.555084,-0.951096,1.637126,-0.480830,0.217347,-0.189029,0.285953,-0.186376,-0.432155,-0.205041,-0.035078,0.048248,1.399088,0.668311,0.526115,0.496497,0.488588,0.449775,0.482368,0.474489,0.479706,0.492068,0.460447,0.453914,0.452539,4.627503,1.047746,0.461208,0.483753,0.321738,0.413910,0.511723,0.707375,0.748448,0.711147,0.772826,0.637548,0.626505,0.661702,0.205388,0.132288,0.098816,0.109898,0.101387,0.115135,0.121883,0.115924,0.142203,0.122548,0.123576,0.136921,1,0
-62.234084,6.362491,-0.591019,1.872439,-0.340523,0.014954,-0.125434,0.176358,-0.191266,0.075122,0.535192,0.167903,-0.196490,2.326248,0.876440,0.535820,0.481665,0.465046,0.488135,0.471852,0.462913,0.452550,0.452132,0.497189,0.435764,0.402360,4.323358,1.668171,0.476258,0.313799,0.423765,0.378934,0.548347,0.670611,0.534038,0.628829,1.024027,0.504839,0.487908,1.252154,0.405714,0.152473,0.101397,0.112874,0.111261,0.121319,0.153548,0.147355,0.126412,0.192177,0.106832,0.101007,1,0
-58.188259,7.588242,-1.434780,1.199776,-0.530634,0.176322,-0.837940,-0.652197,-0.579700,-0.437763,-0.070985,0.137429,0.068698,2.475339,0.961915,0.595236,0.510001,0.500424,0.520245,0.499488,0.526137,0.519468,0.527667,0.519236,0.465615,0.461371,3.605736,1.570560,0.777450,0.713330,0.562183,0.556739,0.567024,0.683669,0.758457,0.559215,0.673366,0.605241,0.516977,1.019838,0.400837,0.197610,0.123654,0.133603,0.123975,0.134809,0.146387,0.168690,0.175669,0.165013,0.140743,0.130873,1,0
-58.137915,6.834878,-0.962758,1.510605,-0.446202,0.316971,-0.249713,0.096533,-0.275198,-0.386334,-0.224594,-0.093532,-0.173128,1.997227,0.770695,0.567751,0.514912,0.474685,0.483409,0.481187,0.482465,0.500440,0.485347,0.482969,0.475965,0.469807,4.418992,1.059432,0.549528,0.440275,0.407988,0.387013,0.307792,0.451124,0.508228,0.534577,0.460277,0.373316,0.400401,1.010604,0.292108,0.160629,0.113753,0.100820,0.096069,0.093753,0.104711,0.123302,0.118926,0.132895,0.116733,0.117956,1,0
-64.097686,6.919291,-0.909152,1.963549,-0.622310,0.169256,-0.332280,0.081113,-0.391269,-0.526952,-0.178983,-0.047185,0.077469,1.282119,0.685404,0.518295,0.489349,0.479806,0.456109,0.486076,0.482262,0.477966,0.514138,0.470161,0.443163,0.469267,3.639576,1.520734,0.636163,0.329475,0.380508,0.437439,0.471234,0.684392,0.694660,0.936987,0.973786,0.804556,0.866092,0.621132,0.303928,0.175199,0.117827,0.133551,0.111795,0.135575,0.145900,0.154842,0.188755,0.169475,0.199656,0.162694,1,0
-55.135531,6.911819,-1.083632,1.658436,-0.350664,0.425508,-0.334328,0.010123,-0.262875,-0.277131,-0.064842,0.098046,-0.138011,1.498466,0.761019,0.540756,0.491095,0.453326,0.447530,0.463653,0.466795,0.444308,0.437663,0.466201,0.448842,0.412124,3.995311,1.025603,0.521494,0.422669,0.294592,0.313060,0.282615,0.371156,0.429820,0.491254,0.519455,0.579158,0.472570,0.585168,0.255672,0.125668,0.097667,0.092664,0.100228,0.092802,0.101348,0.086759,0.107306,0.144229,0.132229,0.102814,1,0
-68.999022,9.743763,0.040740,1.510995,-0.034069,-0.129847,-0.396744,-0.174977,-0.368241,0.284704,0.222206,0.114720,0.051411,1.824879,0.717713,0.488109,0.436142,0.385888,0.393660,0.347426,0.368526,0.398615,0.360416,0.394816,0.341678,0.320624,5.938409,1.304169,1.060449,0.711129,0.579006,0.586210,0.315904,0.729530,1.001228,0.579626,0.674080,0.483913,0.414309,1.407702,0.488088,0.196066,0.171886,0.149600,0.162465,0.091956,0.151371,0.216906,0.167098,0.189843,0.130449,0.131091,1,0
-73.213548,10.111190,1.067187,1.523446,0.140956,0.346441,-0.164458,-0.080877,-0.373568,-0.083404,-0.060959,0.097548,0.024459,1.326782,0.570386,0.489069,0.407300,0.385075,0.403905,0.364939,0.404809,0.403903,0.383856,0.394861,0.365046,0.382106,2.714896,1.187094,0.749441,0.506938,0.391851,0.499471,0.430223,0.612327,0.683106,0.670636,0.780979,0.446506,0.484342,0.901094,0.239213,0.221331,0.141158,0.130320,0.159497,0.118599,0.171452,0.175774,0.134192,0.188421,0.141894,0.196256,1,0
-66.920523,10.024606,-0.445099,1.199765,-0.098726,-0.026208,-0.028110,0.324173,0.026066,0.047304,-0.104792,0.083107,-0.013970,1.427118,0.723921,0.598445,0.590146,0.511988,0.526887,0.455351,0.615272,0.596082,0.564091,0.581945,0.507355,0.442105,4.514259,0.915991,1.024775,0.871500,0.774943,0.886957,0.598518,0.900121,0.793325,0.698746,0.737972,0.513111,0.492776,0.572986,0.242533,0.196524,0.198142,0.164233,0.198942,0.172070,0.264498,0.278967,0.215100,0.273197,0.197263,0.175393,1,0
-74.287211,7.284331,0.499475,1.717714,0.084786,0.352026,-0.427662,-0.119433,-0.202432,-0.198317,-0.149779,0.054532,-0.071044,0.528735,0.418826,0.379575,0.368089,0.341972,0.344241,0.336869,0.323864,0.341865,0.325961,0.315512,0.306805,0.302951,5.871046,2.402761,1.190819,0.559477,0.371199,0.472315,0.510299,0.404933,0.324842,0.347013,0.291126,0.232787,0.176401,0.196748,0.153687,0.080141,0.082728,0.068490,0.076378,0.077068,0.071157,0.077542,0.070007,0.069368,0.066050,0.057340,1,0
-62.635203,7.595619,-1.179323,1.600766,-0.054657,0.295334,0.074538,0.136116,0.014985,0.053964,0.026087,-0.095852,-0.153826,0.958942,0.618930,0.531842,0.499986,0.462270,0.467234,0.465755,0.470321,0.429822,0.454736,0.430575,0.411803,0.418866,3.192074,1.038289,0.721089,0.433971,0.349668,0.639987,0.488531,0.409751,0.322906,0.346994,0.368615,0.324023,0.377803,0.451596,0.259843,0.131409,0.090212,0.105473,0.090850,0.100787,0.094603,0.104817,0.088536,0.086435,0.097111,0.097245,1,0
-55.376004,6.856438,-1.550906,1.159816,-0.631440,0.241295,-0.668829,-0.320790,-0.144682,-0.127674,-0.488485,-0.286885,-0.314235,1.054859,0.652075,0.487449,0.466538,0.458858,0.429978,0.462824,0.463068,0.438896,0.431172,0.437825,0.426838,0.407820,2.988708,1.593101,0.637402,0.554697,0.562017,0.459896,0.446908,0.636440,0.598608,0.419926,0.517355,0.461346,0.432404,0.625595,0.361369,0.138321,0.153930,0.121303,0.108386,0.124236,0.130467,0.127443,0.120881,0.132417,0.126571,0.098694,1,0
-59.779851,10.190143,-1.107233,1.201803,-0.047602,0.196537,-0.345862,-0.124899,-0.393232,-0.400513,-0.449050,-0.148701,-0.315771,0.753817,0.539190,0.462288,0.486383,0.432752,0.427744,0.415328,0.428142,0.409869,0.391292,0.395812,0.411894,0.426838,4.191834,1.215256,0.628797,0.469120,0.428208,0.378528,0.293723,0.297245,0.344699,0.336476,0.498755,0.652728,0.586466,0.422275,0.189295,0.101958,0.117550,0.100323,0.100174,0.094055,0.106868,0.088053,0.095715,0.097299,0.171083,0.170321,1,0
-62.143887,9.019368,-1.433809,1.468009,-0.093191,0.125476,-0.214862,-0.123356,-0.145167,-0.094843,-0.321300,-0.247698,-0.401204,1.413064,0.635674,0.493598,0.449127,0.446181,0.424669,0.410676,0.422213,0.405793,0.412243,0.416169,0.406689,0.416207,4.382414,0.887745,0.654607,0.550404,0.453425,0.359273,0.310919,0.314706,0.374701,0.339263,0.394266,0.398562,0.477771,0.806659,0.186116,0.139300,0.101989,0.102565,0.102517,0.090244,0.090437,0.107131,0.114657,0.109323,0.103792,0.106840,1,0
-55.724806,6.801393,-1.554470,0.951950,-0.395868,0.368500,-0.306994,-0.207374,-0.261821,0.024014,-0.064350,0.187847,-0.084596,1.871766,0.871631,0.540095,0.482729,0.463916,0.453154,0.457475,0.472206,0.473882,0.445937,0.448281,0.421916,0.391714,3.231737,1.587556,0.501454,0.387875,0.296172,0.304607,0.341411,0.547718,0.441550,0.445572,0.384927,0.288720,0.267084,0.948761,0.321875,0.166850,0.116654,0.101114,0.106083,0.124569,0.164492,0.137374,0.135277,0.134116,0.085050,0.082526,1,0
-57.944391,7.266517,-0.944999,1.133892,-0.275370,0.208229,-0.485760,-0.250879,-0.124730,0.056297,-0.265198,-0.024157,-0.233015,2.430733,1.050955,0.567155,0.489107,0.466539,0.458554,0.445450,0.448005,0.452583,0.449223,0.470855,0.463149,0.462038,3.154721,1.688404,0.472624,0.310636,0.284174,0.258782,0.209598,0.244602,0.352639,0.434592,0.439170,0.392926,0.407638,0.955542,0.311392,0.132219,0.124012,0.090662,0.101166,0.112533,0.106148,0.113222,0.127568,0.163663,0.142123,0.156311,1,0
-63.280634,9.722110,-0.756704,1.537130,0.088243,0.096150,-0.237445,-0.315792,-0.148052,-0.048501,-0.458455,-0.042461,-0.346840,0.784364,0.543838,0.456956,0.454803,0.419192,0.409746,0.394622,0.396905,0.406398,0.394112,0.373300,0.347165,0.369411,4.714201,1.024476,1.024789,0.491193,0.433269,0.434188,0.362523,0.516736,0.477400,0.503981,0.426644,0.373833,0.390707,0.612023,0.250094,0.129233,0.126027,0.115015,0.102164,0.109281,0.102616,0.120030,0.128966,0.099614,0.082531,0.096692,1,0
-58.802748,7.169344,-1.438723,1.263586,-0.196102,0.438317,-0.327472,-0.236719,-0.285737,-0.303992,-0.585213,-0.434050,-0.461006,1.650788,0.762159,0.540473,0.488346,0.458935,0.438750,0.461333,0.471641,0.471662,0.468528,0.487008,0.486501,0.466517,3.868249,0.819426,0.430404,0.315870,0.250565,0.216422,0.258439,0.294031,0.392155,0.334848,0.364992,0.455715,0.417300,0.571076,0.213443,0.130726,0.094821,0.088154,0.086284,0.095345,0.104906,0.116190,0.121676,0.129547,0.119419,0.114270,1,0
-58.065629,0.072433,-2.925864,-0.206093,-1.738152,-0.756189,0.801316,1.823022,1.133093,-0.166729,-0.751256,-0.122363,-0.075543,1.612159,0.816635,0.616035,0.571738,0.530571,0.630217,0.581155,0.690246,0.689894,0.732250,0.640234,0.601314,0.498754,2.540377,1.795280,1.005449,0.685627,0.757866,0.709140,1.136514,1.350592,0.854844,1.498116,0.918694,0.862029,0.420259,0.618197,0.282303,0.149940,0.135697,0.124308,0.172434,0.155665,0.216801,0.241651,0.221210,0.199960,0.214466,0.123636,1,0
-58.341324,3.021341,-1.219357,0.552111,-0.960819,-0.373504,-1.027863,-0.591477,-0.010679,0.019587,0.035116,-0.149457,-0.153594,1.075660,0.727580,0.617915,0.571160,0.538117,0.530231,0.536782,0.515565,0.525146,0.520536,0.515474,0.463918,0.482508,2.138255,1.372981,0.622939,1.011739,0.690987,0.731801,0.724754,0.692437,0.998373,0.800479,0.917883,0.876428,0.768727,0.600095,0.298920,0.209409,0.163764,0.149521,0.138382,0.143080,0.116931,0.136458,0.124430,0.145334,0.136548,0.135483,1,0
-54.907031,3.114012,-1.035265,1.123122,-0.315041,0.449758,0.636143,0.609140,0.202968,0.237844,0.143844,0.025215,0.119175,1.218263,0.675954,0.560320,0.557013,0.538362,0.561309,0.583402,0.616819,0.694592,0.676159,0.679487,0.614754,0.494918,2.895416,0.979908,0.543608,0.542444,0.487461,0.726198,0.832605,0.978988,0.983865,1.052762,0.723219,0.598155,0.446167,0.641908,0.218123,0.167442,0.141106,0.138075,0.175692,0.189135,0.223695,0.227610,0.251632,0.251041,0.222073,0.149134,1,0
-57.320810,3.951365,-1.079572,2.568544,0.922648,0.192878,-1.191400,0.741219,0.383284,-0.637202,0.283525,0.062641,-0.015951,1.286175,0.763176,0.591865,0.510461,0.511119,0.490837,0.536455,0.546554,0.605997,0.558632,0.532353,0.447282,0.435413,3.947337,1.896977,0.865467,0.583643,0.766482,0.712728,1.029083,1.357193,1.272984,1.319479,1.088342,0.864127,0.709015,0.708958,0.326581,0.201039,0.142627,0.135375,0.150925,0.247778,0.213328,0.317273,0.229467,0.214290,0.184762,0.142231,1,0
-53.324089,5.294161,-1.929142,0.887006,0.648428,0.531218,-0.328265,-0.321283,0.114951,0.406245,0.140875,0.137822,-0.163092,1.982186,0.742784,0.880396,0.602046,0.585817,0.552309,0.602414,0.624033,0.610131,0.693128,0.697807,0.577717,0.504451,1.548566,0.611377,0.978519,0.467768,0.488033,0.562869,0.771372,0.768453,0.574422,0.891977,0.882343,0.622367,0.531320,0.634420,0.250097,0.301058,0.152147,0.168253,0.123733,0.221693,0.255562,0.227310,0.258241,0.230439,0.148664,0.140950,1,0
-63.615568,5.066436,-0.837385,1.223130,-0.236846,0.069840,-0.042090,0.191963,0.134301,-0.422675,-0.369873,-0.201436,0.054287,1.579055,0.573320,0.487668,0.458613,0.453812,0.437325,0.454249,0.436189,0.456683,0.440003,0.423376,0.408190,0.389010,6.237730,1.118599,0.757987,0.504512,0.481854,0.390895,0.521524,0.537435,0.681957,0.648796,0.474993,0.470637,0.438649,1.522027,0.222063,0.142723,0.119414,0.113466,0.093937,0.106136,0.080206,0.120000,0.135458,0.107541,0.093974,0.107128,1,0
-64.913997,3.392177,-0.762024,1.602909,-0.693144,-0.503951,-0.414180,-0.060443,0.100981,-0.152234,-0.238259,-0.374587,0.198613,1.527516,0.922003,0.597720,0.501719,0.506325,0.484316,0.513145,0.532519,0.519483,0.514915,0.551728,0.486484,0.451136,5.189106,1.971489,0.748118,0.638936,0.572831,0.726473,0.708847,0.909775,1.182261,1.226059,1.020700,0.977773,1.123365,0.917314,0.469233,0.165851,0.129826,0.134322,0.119303,0.146193,0.188271,0.165837,0.191228,0.225968,0.178094,0.176693,1,0
-53.166817,3.957533,-1.422556,1.440737,-0.395686,-0.036120,-0.161760,0.129055,0.125591,-0.095536,-0.204713,-0.239473,-0.030271,1.122948,0.776497,0.560402,0.523546,0.515350,0.525542,0.523889,0.548848,0.567791,0.555183,0.519761,0.541241,0.482560,3.092299,1.441573,0.459641,0.453243,0.387206,0.442709,0.531882,0.424762,0.637847,0.396574,0.430398,0.335172,0.331972,0.547951,0.271657,0.172930,0.141554,0.137480,0.150803,0.155462,0.155136,0.173926,0.195322,0.178325,0.189813,0.136750,1,0
-57.251695,5.799777,-0.559430,1.315778,0.191174,-0.018791,-0.177863,-0.455345,-0.128500,0.040304,0.161515,0.142962,0.220780,1.422732,0.685561,0.572078,0.552296,0.533604,0.525776,0.537395,0.569178,0.621493,0.661890,0.621527,0.572156,0.605994,1.753648,0.904202,0.554210,0.302967,0.430329,0.402452,0.526620,0.710855,0.731792,0.784068,0.679918,0.606074,0.599960,0.467884,0.168402,0.133114,0.138286,0.140973,0.137927,0.132500,0.148175,0.203917,0.220409,0.198154,0.159616,0.198209,1,0
-57.427055,3.845024,-0.819245,1.110139,-0.253782,-0.048208,-0.096222,0.417699,0.466648,0.250985,-0.624179,-0.636058,-0.087871,2.476332,0.719190,0.584430,0.522492,0.524387,0.522973,0.512743,0.502924,0.500204,0.546174,0.491562,0.494942,0.452963,3.735988,0.762939,0.483184,0.403024,0.404786,0.430740,0.601558,0.589697,0.681689,0.776926,0.619742,0.594869,0.330173,1.217040,0.196649,0.150390,0.139358,0.123341,0.123527,0.144426,0.126985,0.124657,0.173029,0.159518,0.192006,0.116228,1,0
-62.538679,4.899994,-0.160830,0.663654,-0.266427,0.207688,-0.305568,-0.310556,-0.101679,0.784369,0.044341,-0.138243,0.048300,0.855025,0.579239,0.489511,0.494919,0.452320,0.447392,0.417239,0.457466,0.444790,0.425153,0.426974,0.387770,0.413341,0.973728,0.605384,0.377796,0.399141,0.415405,0.412268,0.300413,0.473779,0.585687,0.454414,0.677402,0.457486,0.434843,0.386906,0.203822,0.105447,0.127959,0.095254,0.100262,0.089163,0.113522,0.120184,0.119022,0.111434,0.089178,0.113527,1,0
-50.095789,3.363015,0.992935,1.526771,0.208153,0.650884,0.129413,0.693994,-0.074474,0.063963,0.050826,-0.162154,-0.318997,2.007405,0.975406,0.774124,0.663413,0.612295,0.504423,0.557219,0.483026,0.479702,0.454238,0.432335,0.441939,0.475728,2.756510,0.943282,0.771948,0.641337,0.569203,0.405525,0.461826,0.367279,0.418320,0.376739,0.292787,0.468703,0.554961,0.911421,0.383439,0.252023,0.242782,0.203778,0.128985,0.164833,0.145662,0.128492,0.109899,0.112741,0.115053,0.132625,0,1
-48.753481,3.006794,1.208233,0.844972,0.055367,-0.019810,0.233273,0.350396,0.341326,0.018980,0.058609,-0.072532,-0.131178,3.477316,1.725500,1.117958,0.998045,0.932557,0.803376,0.731879,0.647137,0.618745,0.575317,0.603952,0.635291,0.666600,2.331025,0.963739,0.790168,0.638756,0.662255,0.517215,0.405788,0.345760,0.354643,0.328650,0.393144,0.547307,0.582633,1.443679,0.629746,0.327033,0.354155,0.305593,0.236542,0.219605,0.170791,0.173243,0.142603,0.173536,0.193432,0.254352,0,1
-48.657267,3.573884,1.211469,0.392672,0.054728,0.333583,0.001118,0.068697,-0.004504,-0.168488,-0.111183,-0.123667,0.051447,2.670437,1.139137,0.697833,0.578047,0.483558,0.465915,0.465391,0.448011,0.467896,0.449651,0.468157,0.491252,0.469821,1.425880,0.625838,0.659442,0.453986,0.359345,0.277733,0.259552,0.344171,0.494665,0.442598,0.438390,0.608204,0.489068,0.776205,0.327337,0.208555,0.180626,0.105413,0.101833,0.093097,0.105897,0.116114,0.125673,0.128738,0.148182,0.149217,0,1
-50.297963,5.352015,-1.445397,2.509438,-0.329814,0.991758,-0.362817,0.648508,0.292566,0.345203,-0.104518,0.124803,-0.185169,1.852735,0.951235,0.745506,0.716518,0.645660,0.576031,0.540171,0.503484,0.482835,0.474581,0.478661,0.479870,0.457583,1.720083,0.876071,0.577314,0.570482,0.480240,0.326527,0.352991,0.349912,0.307017,0.324727,0.334717,0.323659,0.297739,0.717534,0.332148,0.276593,0.226387,0.243457,0.167040,0.143189,0.151954,0.136661,0.118574,0.119666,0.157367,0.136718,0,1
-45.518054,4.181857,-0.094219,0.879500,-0.255421,0.058086,0.064180,0.620753,0.388307,0.191181,-0.032019,0.038884,0.124835,1.352596,0.840761,0.746037,0.735441,0.575195,0.535528,0.454925,0.455426,0.449335,0.399690,0.416765,0.406026,0.405872,1.661876,0.813028,0.797120,0.741365,0.449135,0.557288,0.269555,0.264654,0.260647,0.197539,0.315332,0.293426,0.285661,0.559725,0.395851,0.307541,0.288962,0.183101,0.190924,0.119805,0.108275,0.115754,0.096448,0.111597,0.125090,0.134049,0,1
-49.958716,4.291058,-0.032453,1.086788,-0.109813,0.369054,0.383238,0.710908,0.084945,0.176499,0.020264,0.175701,-0.070291,1.342940,0.750199,0.582217,0.594330,0.550250,0.475118,0.489878,0.488675,0.461766,0.424862,0.441278,0.397828,0.391130,7.610544,1.184480,1.605836,0.759877,0.823135,0.485103,0.450595,0.400482,0.502605,0.418455,0.342052,0.395163,0.317827,0.990011,0.483201,0.296338,0.242537,0.240685,0.137627,0.165082,0.186937,0.162093,0.125785,0.123202,0.090067,0.103457,0,1
-54.088271,4.485152,1.059279,0.866271,0.566881,0.289887,0.506139,0.883858,0.458405,0.418077,0.250676,0.010418,0.331459,1.776286,0.938845,0.726136,0.531319,0.473636,0.482734,0.486449,0.465672,0.431490,0.428314,0.421389,0.399811,0.419638,3.406034,0.645382,1.039450,0.524511,0.465590,0.503395,0.353340,0.390029,0.477921,0.366204,0.443562,0.299641,0.336746,0.762769,0.306408,0.326757,0.167569,0.119521,0.142908,0.110031,0.115962,0.096597,0.113151,0.089788,0.102774,0.130388,0,1
-55.385850,5.752502,-0.675051,0.992714,-0.949643,-0.219908,0.093663,0.476163,-0.116005,-0.684100,-0.486347,-0.235066,0.032394,1.578762,0.988162,0.739482,0.671667,0.513337,0.491036,0.483037,0.491951,0.557953,0.487465,0.508878,0.484836,0.502252,3.226881,1.889771,1.180379,1.253143,0.630495,0.653369,0.585273,0.639737,0.898351,1.051400,0.801796,0.936158,0.938869,0.876973,0.517114,0.441647,0.332726,0.174442,0.164054,0.170432,0.157224,0.198661,0.199884,0.180015,0.228607,0.194326,0,1
-47.433771,3.693764,0.028158,1.508914,0.095879,0.213613,0.073663,0.517984,0.539042,0.233846,0.040204,0.094722,0.052656,1.241661,0.843739,0.770035,0.637545,0.584901,0.546980,0.469046,0.475169,0.439256,0.412742,0.442373,0.402648,0.434254,2.569281,0.914418,0.990520,0.615065,0.690627,0.457496,0.443747,0.377459,0.331042,0.355770,0.332315,0.311962,0.378584,0.668090,0.355822,0.268599,0.180268,0.177967,0.158163,0.136690,0.151549,0.114955,0.103176,0.112603,0.098341,0.126304,0,1
-46.822172,2.783641,0.902571,1.324020,-0.155848,-0.088793,0.100460,0.595540,0.105508,-0.164268,0.062029,-0.029738,0.058714,1.714716,0.738304,0.780308,0.721996,0.567415,0.553792,0.479755,0.504343,0.476081,0.502483,0.435899,0.448027,0.437888,2.587038,0.470773,0.689124,0.475616,0.607170,0.335314,0.273456,0.382510,0.292399,0.417666,0.262517,0.282979,0.274825,0.854486,0.279737,0.355215,0.276962,0.161644,0.123327,0.142555,0.105279,0.116262,0.114921,0.102965,0.115789,0.125849,0,1
-49.914201,4.838623,0.216001,1.523632,0.712777,0.501033,0.192285,0.361563,-0.016923,0.140862,0.487781,-0.002290,0.005190,2.123483,1.190398,0.660691,0.655408,0.508412,0.496127,0.467728,0.448617,0.458355,0.403379,0.405578,0.413761,0.403721,2.918642,1.139548,0.554203,0.777567,0.471654,0.497767,0.354867,0.387570,0.476461,0.355149,0.408309,0.418809,0.410552,0.991110,0.501283,0.226993,0.241260,0.160318,0.135660,0.155152,0.164147,0.154624,0.097240,0.111149,0.128926,0.102723,0,1
-55.575102,6.444670,0.258448,0.605466,-0.796393,0.596326,-0.323764,0.137598,-0.141446,-0.218025,-0.016521,-0.513560,-0.352480,1.144096,0.824555,0.560095,0.616256,0.501564,0.502362,0.440922,0.434719,0.439624,0.421725,0.424101,0.443577,0.438389,2.821480,1.370549,1.032549,1.065166,0.595598,0.876974,0.602024,0.488555,0.483781,0.699949,0.600504,0.687702,0.648899,0.695206,0.499997,0.305140,0.303411,0.217239,0.180009,0.158949,0.142779,0.142326,0.134788,0.119215,0.153492,0.153027,0,1
-46.793606,3.762078,-0.598432,1.280757,0.144360,0.651343,0.237006,0.161723,0.135443,-0.110308,0.074358,0.191944,0.287075,1.445818,0.827992,0.737301,0.602472,0.549471,0.474497,0.488894,0.457847,0.469945,0.428103,0.441494,0.462585,0.437803,2.355780,0.924186,0.672933,0.620392,0.490826,0.431651,0.407282,0.389347,0.477795,0.337605,0.340317,0.412299,0.324521,0.628599,0.314472,0.285629,0.194098,0.171518,0.125426,0.139576,0.114254,0.131928,0.110346,0.110921,0.119449,0.121627,0,1
-53.708300,5.272979,1.937465,1.521215,0.752084,0.270490,0.181680,0.143938,0.457828,-0.081635,0.271575,0.227160,0.508084,2.577094,1.264682,0.799588,0.805843,0.562836,0.547050,0.513427,0.475706,0.496773,0.443103,0.384986,0.391376,0.385288,2.921273,1.072217,0.743210,0.917518,0.466749,0.579703,0.542851,0.490456,0.529190,0.524228,0.395653,0.331015,0.364385,1.114071,0.470470,0.337942,0.388354,0.168994,0.176748,0.157030,0.157016,0.163272,0.152254,0.104724,0.110651,0.098539,0,1
-51.598006,4.750649,-0.738911,1.031000,0.375063,0.255485,0.309241,0.495620,-0.208334,-0.226676,0.166612,0.110355,0.051559,1.429952,0.846107,0.756107,0.623090,0.513114,0.520658,0.511205,0.497285,0.448257,0.427838,0.432189,0.398017,0.387561,1.631992,0.653353,1.022873,0.856551,0.531413,0.569214,0.571012,0.372006,0.315260,0.312571,0.343127,0.267670,0.225128,0.615580,0.256162,0.211893,0.184663,0.121197,0.160124,0.144277,0.149507,0.124725,0.092289,0.103111,0.087006,0.081847,0,1
-47.650431,3.417570,0.397809,0.571420,-0.094602,0.100404,-0.094680,0.253608,0.101391,0.063896,0.070606,0.148505,0.210395,3.139083,1.097881,0.900938,0.765768,0.636444,0.578924,0.521688,0.499320,0.476778,0.456005,0.450407,0.444460,0.432229,2.294784,0.944128,0.932993,0.743836,0.406883,0.504555,0.359204,0.288124,0.342534,0.270830,0.315048,0.273525,0.338640,1.037583,0.390393,0.306991,0.262526,0.211331,0.152331,0.127439,0.141587,0.110950,0.116650,0.112795,0.128633,0.116610,0,1
-50.391298,2.918836,1.091279,0.992440,0.111177,0.385996,0.068656,0.568906,0.192378,0.143385,0.242345,0.106210,0.099786,2.936762,0.992230,0.741229,0.723895,0.621301,0.546910,0.564988,0.552444,0.506501,0.472673,0.439371,0.416507,0.416937,2.906884,0.899567,0.600414,0.702013,0.458910,0.367940,0.444750,0.429344,0.399277,0.297942,0.244004,0.261386,0.266881,1.709509,0.398617,0.265746,0.244798,0.205295,0.140717,0.146717,0.152051,0.142162,0.108779,0.098827,0.100645,0.082707,0,1
-47.403688,3.731558,0.347071,0.999371,0.075215,-0.008536,0.031202,0.148755,0.404737,-0.194208,0.054867,0.017691,-0.137206,0.943151,0.749273,0.577286,0.545035,0.479490,0.462311,0.443779,0.426752,0.427684,0.415341,0.387288,0.374153,0.368245,1.789967,0.949765,1.082274,0.694338,0.464820,0.449533,0.475197,0.405372,0.450821,0.294011,0.306846,0.278494,0.325598,0.403724,0.335389,0.194938,0.163235,0.133642,0.122332,0.093302,0.105993,0.107260,0.090512,0.088454,0.070166,0.070559,0,1
-48.021247,3.953863,0.924281,0.596552,0.375816,0.336709,0.069551,0.447687,0.490927,-0.091282,0.101987,-0.077303,-0.047223,2.158916,1.042378,0.940822,0.770742,0.620339,0.567600,0.562324,0.513688,0.519699,0.478081,0.497923,0.482856,0.516514,1.692638,0.801761,0.842494,0.705955,0.388158,0.397495,0.384353,0.337780,0.330849,0.296469,0.361880,0.333011,0.445906,0.662574,0.322452,0.244255,0.225809,0.153977,0.133695,0.147759,0.143345,0.137427,0.110125,0.125615,0.109488,0.161291,0,1
-45.659738,3.958933,0.135458,0.543377,0.128364,0.514515,-0.208576,0.333358,-0.042594,-0.125657,0.149630,0.023304,0.102732,2.168052,1.116192,0.794359,0.730735,0.707398,0.574427,0.568384,0.548562,0.498186,0.480870,0.441775,0.430123,0.431839,2.370306,0.895427,0.749603,0.727351,0.421974,0.395203,0.332852,0.427322,0.338673,0.322970,0.294794,0.200573,0.273638,0.902218,0.454826,0.375174,0.268581,0.217953,0.187423,0.162011,0.170237,0.138191,0.132682,0.123218,0.098343,0.120912,0,1
-44.089407,3.073832,-0.518849,0.483289,-0.187827,0.007272,-0.084861,0.166229,0.006294,-0.140249,-0.005744,0.021231,0.114917,2.461555,0.883060,0.826861,0.768018,0.663219,0.527593,0.563777,0.452546,0.461945,0.477217,0.416867,0.428938,0.422986,2.114743,0.669275,0.592192,0.636603,0.488609,0.431913,0.429224,0.224113,0.266037,0.336518,0.228150,0.256325,0.255562,0.877366,0.255228,0.240899,0.220227,0.187458,0.121379,0.181627,0.079807,0.110883,0.107536,0.076066,0.098524,0.095955,0,1
-46.448241,2.336303,-0.023652,0.526887,-0.027429,0.150396,-0.001048,0.082580,-0.048708,-0.079714,0.048451,0.128169,0.140602,2.593460,0.927448,0.739331,0.540562,0.519076,0.503854,0.470958,0.454292,0.458385,0.422012,0.411559,0.385879,0.378802,3.712726,1.061307,0.861484,0.371881,0.453463,0.407473,0.445633,0.415759,0.461635,0.228645,0.242970,0.166905,0.182550,1.333856,0.337594,0.301431,0.138407,0.178897,0.139187,0.151150,0.132169,0.132340,0.091618,0.093953,0.089032,0.073155,0,1
-47.648841,3.406901,0.406008,0.562353,-0.092512,0.100046,-0.109694,0.259734,0.097694,0.073746,0.074045,0.144099,0.207480,3.148572,1.097538,0.896117,0.760345,0.627799,0.577516,0.528689,0.509161,0.484019,0.437540,0.452397,0.441954,0.422081,2.274909,0.950181,0.935000,0.739151,0.427783,0.515143,0.359015,0.292352,0.335382,0.275351,0.310752,0.280301,0.350038,1.037534,0.381079,0.308265,0.251081,0.211654,0.154099,0.128731,0.142182,0.106679,0.115828,0.113765,0.118661,0.117879,0,1
-47.820833,3.305323,0.895866,0.653754,0.344025,0.544335,-0.138151,0.424681,0.236420,0.089218,0.124637,-0.051938,0.119280,3.074006,1.385190,1.050551,0.904029,0.707830,0.624460,0.630957,0.542147,0.521283,0.470405,0.495192,0.447547,0.471815,2.573094,1.045584,0.964349,0.798193,0.530350,0.485798,0.468539,0.410669,0.326654,0.291882,0.321118,0.305255,0.326312,1.249628,0.474330,0.426400,0.333910,0.253013,0.189320,0.178871,0.149220,0.133915,0.111049,0.134524,0.139078,0.140898,0,1
-47.247650,3.316979,0.044170,0.351253,-0.030837,0.207005,-0.119496,0.331235,0.340804,0.039284,0.135416,-0.094021,0.063430,2.691500,1.117855,0.759577,0.736124,0.633483,0.543322,0.575350,0.435056,0.458384,0.466061,0.458427,0.456736,0.473243,2.728393,0.857139,0.774684,0.756167,0.420141,0.372513,0.409494,0.253483,0.331026,0.284898,0.327380,0.319481,0.465005,0.923481,0.381100,0.243192,0.244259,0.226779,0.145040,0.168994,0.104289,0.094600,0.111029,0.129511,0.113408,0.140067,0,1
-50.943005,5.517895,1.945775,0.813911,0.623170,0.792651,0.182720,0.166346,0.321741,0.090108,0.395265,0.026631,0.110150,2.842206,1.479241,0.873415,0.737413,0.648328,0.533845,0.559643,0.505533,0.484486,0.451562,0.426518,0.465945,0.436221,2.403224,1.271044,0.767102,0.690416,0.590718,0.445989,0.573833,0.510420,0.390620,0.280530,0.382072,0.375276,0.375033,1.373981,0.423549,0.234949,0.254877,0.186474,0.175758,0.168640,0.147483,0.135129,0.125904,0.110651,0.119948,0.135332,0,1
-48.310610,5.820147,0.104628,0.116826,0.343260,0.323128,-0.379037,0.148738,0.380355,-0.249482,-0.067301,-0.173453,-0.106495,2.042502,0.955189,0.806932,0.734876,0.587210,0.517033,0.553856,0.476243,0.483353,0.468421,0.445719,0.456463,0.471956,2.966940,0.959193,0.936059,0.871726,0.480980,0.598900,0.520608,0.409462,0.431327,0.453052,0.381302,0.281119,0.388603,0.877910,0.365391,0.292858,0.260510,0.173894,0.145377,0.160474,0.135860,0.132785,0.113529,0.120944,0.141653,0.163862,0,1
-49.083360,4.612036,0.278438,0.939629,0.568831,0.496494,0.002457,0.535249,0.468889,0.115806,0.184613,-0.039837,0.086000,2.886531,1.487761,0.833821,0.817867,0.620049,0.549676,0.580860,0.502229,0.481025,0.435293,0.441048,0.478296,0.471584,2.510156,0.810774,0.576189,0.631420,0.475125,0.286116,0.311050,0.297404,0.329834,0.272252,0.310828,0.337305,0.422212,1.017363,0.484919,0.264917,0.248437,0.184753,0.115153,0.154098,0.131018,0.121187,0.117526,0.100808,0.138861,0.141043,0,1
-47.249929,4.117223,0.492337,0.505925,0.146013,0.264529,0.165812,0.368091,0.163534,0.273061,0.166219,-0.004760,-0.015649,2.516811,1.070698,0.733413,0.657623,0.592419,0.536307,0.491870,0.470728,0.483049,0.507234,0.447376,0.429643,0.408534,1.935499,0.746475,0.782909,0.645634,0.509389,0.395635,0.281189,0.342734,0.335700,0.478027,0.411797,0.331212,0.324292,0.853112,0.304990,0.251033,0.219678,0.207535,0.139653,0.123941,0.122542,0.140519,0.136637,0.116904,0.101973,0.111075,0,1
-47.180245,4.372850,0.518309,0.609858,0.400428,0.203322,0.324281,0.245840,0.207847,-0.117271,0.025980,-0.128113,0.214587,2.554305,1.326475,0.897982,0.766345,0.639220,0.538614,0.536702,0.500535,0.494131,0.438035,0.451675,0.420532,0.447020,1.799536,0.856586,0.785285,0.669520,0.353470,0.337787,0.427163,0.408495,0.345989,0.277503,0.299426,0.277827,0.384078,0.842362,0.402138,0.277027,0.245290,0.170354,0.127313,0.162184,0.150751,0.134925,0.101966,0.130491,0.120074,0.129498,0,1
-45.171215,4.037314,-0.523610,0.182598,-0.136995,-0.072920,-0.101150,0.063275,-0.037404,-0.154427,-0.093009,0.099104,0.179837,2.206123,0.947035,0.685816,0.666949,0.553039,0.497419,0.512620,0.500402,0.477609,0.432425,0.418078,0.409031,0.397724,2.135363,0.745927,0.647309,0.636074,0.336953,0.354994,0.422207,0.474044,0.403798,0.349167,0.338184,0.270143,0.282696,0.718628,0.380992,0.215960,0.214419,0.156797,0.136056,0.129891,0.132744,0.111405,0.100534,0.090329,0.098292,0.091522,0,1
-45.274976,3.949281,-0.470858,0.184232,-0.127353,-0.066861,-0.104360,0.053940,-0.019226,-0.169097,-0.092337,0.105021,0.166398,2.215898,0.948526,0.677205,0.677534,0.563838,0.522407,0.533619,0.522569,0.500037,0.452584,0.438104,0.435225,0.423701,2.150723,0.750955,0.622979,0.633886,0.326578,0.364812,0.430230,0.481070,0.412539,0.344656,0.331290,0.270840,0.281139,0.719061,0.376826,0.211163,0.216445,0.150946,0.136850,0.136308,0.137306,0.116948,0.097806,0.094442,0.099970,0.091756,0,1
-51.695393,2.740340,0.665619,0.938203,0.438671,0.028786,-0.019555,0.042616,0.010811,-0.087885,0.127894,0.087904,0.136956,3.094765,1.322609,0.874270,0.815990,0.709244,0.630092,0.566189,0.583259,0.518316,0.489225,0.469945,0.451721,0.461663,3.142428,0.895140,0.732851,0.761017,0.457289,0.527401,0.430674,0.464604,0.354138,0.329621,0.274363,0.271027,0.308445,1.369311,0.553750,0.331992,0.295930,0.231282,0.173476,0.184390,0.144476,0.122065,0.104929,0.121258,0.139638,0.129457,0,1
-48.003865,3.462470,-0.532529,0.194016,0.249564,0.491319,-0.194193,0.247119,0.215025,-0.149931,-0.162032,0.053065,0.066572,2.235794,0.905309,0.684878,0.638342,0.550885,0.508522,0.496476,0.465160,0.432997,0.432042,0.439870,0.401180,0.403852,4.328171,1.115850,0.717505,0.524593,0.484846,0.446235,0.543988,0.374708,0.300703,0.314641,0.363860,0.295744,0.205066,2.466381,0.476427,0.342539,0.219466,0.215193,0.153745,0.184089,0.146592,0.134538,0.110211,0.113733,0.101943,0.090167,0,1
-47.989958,4.946067,0.892250,0.420691,0.184599,-0.097208,0.016115,0.371002,0.086814,-0.134418,0.004965,-0.141956,0.177290,2.589475,1.215307,0.808837,0.695917,0.641429,0.561696,0.550866,0.556779,0.458592,0.472277,0.442767,0.458919,0.448655,2.478480,0.992992,0.688185,0.677695,0.506426,0.485469,0.417697,0.435540,0.386197,0.298883,0.388503,0.357021,0.386639,1.114932,0.449969,0.284692,0.216677,0.227185,0.166323,0.167859,0.140667,0.120766,0.137436,0.114919,0.141109,0.145377,0,1
-43.194973,3.588596,-0.853256,-0.073104,-0.150184,-0.023795,-0.029838,0.226943,0.133219,-0.124115,-0.113407,-0.123296,-0.007990,1.761673,0.829510,0.812883,0.635273,0.559593,0.530307,0.514669,0.474328,0.467829,0.420918,0.433955,0.434814,0.436522,2.352916,0.785666,0.718581,0.725744,0.364988,0.425929,0.343987,0.328865,0.372126,0.298419,0.271656,0.284461,0.301249,0.808704,0.302246,0.242126,0.211128,0.156848,0.134075,0.122636,0.131484,0.109474,0.082488,0.085148,0.101101,0.086178,0,1
-47.324248,4.411286,0.494726,1.215130,0.350106,0.082450,-0.253220,0.082224,0.121828,-0.124666,0.122098,0.147236,0.075498,2.799382,1.355474,1.028392,0.761350,0.681087,0.553600,0.570817,0.475944,0.483625,0.452403,0.469182,0.451639,0.458086,2.461350,0.846212,0.808973,0.758391,0.623811,0.453909,0.400518,0.302168,0.375093,0.246391,0.272842,0.287645,0.326266,1.311925,0.465985,0.400874,0.266947,0.216688,0.150988,0.172307,0.127374,0.129447,0.102939,0.120741,0.113884,0.135510,0,1
-44.753879,2.882763,-0.115161,0.335793,0.044762,0.119965,-0.250169,0.186930,0.106111,0.077734,0.043850,0.145350,0.141455,2.823904,0.905610,0.911317,0.748882,0.601215,0.572521,0.585598,0.548482,0.574882,0.529500,0.487794,0.511636,0.491535,2.454015,0.849166,1.005774,0.630817,0.389798,0.292795,0.344071,0.273385,0.333564,0.270049,0.240734,0.218531,0.250575,1.279561,0.269024,0.290716,0.217783,0.173960,0.124148,0.162456,0.147905,0.148707,0.163050,0.131510,0.133309,0.125941,0,1
-45.627567,2.967258,-0.240304,0.623998,0.085290,-0.050572,-0.078712,0.102090,0.042298,0.045498,0.140519,0.024147,-0.095049,2.753074,0.954994,0.734341,0.660693,0.555959,0.541554,0.511732,0.474886,0.479290,0.457150,0.453396,0.467327,0.453065,1.969435,0.732730,0.592731,0.514957,0.414256,0.390011,0.337775,0.279413,0.299722,0.224327,0.251814,0.350138,0.368935,0.959310,0.332999,0.314453,0.236768,0.142458,0.126428,0.136427,0.131501,0.115409,0.110891,0.117581,0.146092,0.146570,0,1
-46.251628,3.378309,1.161050,0.668078,0.027195,0.625152,-0.212837,0.247342,0.276960,0.180348,0.436410,0.028684,0.083025,2.252930,0.991559,0.777757,0.789888,0.636779,0.560251,0.548395,0.519622,0.499123,0.477240,0.481129,0.457725,0.455575,3.192285,0.924749,1.307951,0.983703,0.709165,0.638263,0.426498,0.488679,0.493727,0.366819,0.352317,0.372934,0.485431,0.816685,0.398993,0.281820,0.348910,0.202620,0.158116,0.184099,0.154454,0.142834,0.122193,0.130713,0.121690,0.121236,0,1
-47.476084,5.404272,-0.808400,1.567783,-0.152215,0.164569,0.001268,0.212595,-0.287727,-0.301608,0.118172,-0.432906,-0.041886,1.248877,0.734314,0.604067,0.669096,0.527133,0.485762,0.450371,0.458123,0.523123,0.444264,0.447774,0.471106,0.452869,3.786563,0.821675,0.867261,0.754817,0.460296,0.497748,0.309088,0.402527,0.466914,0.424719,0.376545,0.625112,0.436715,0.633782,0.341341,0.214659,0.283876,0.153705,0.131715,0.121085,0.123439,0.183033,0.143517,0.129844,0.152882,0.137573,0,1
-54.750416,6.256600,0.925877,0.753453,0.791701,-0.289763,0.786063,-0.606603,0.310108,0.277166,0.204549,0.308779,-0.122326,2.095005,1.004591,0.953909,0.727974,0.757462,0.573206,0.564188,0.574721,0.524762,0.488536,0.498307,0.507195,0.487280,2.772505,1.003132,1.213146,0.850640,0.829660,0.652063,0.655954,0.483657,0.556275,0.552052,0.537087,0.597714,0.427717,0.904293,0.465170,0.475041,0.296187,0.320284,0.164044,0.183645,0.185403,0.151132,0.133731,0.154007,0.155628,0.149180,0,1
-46.499757,3.259838,0.068656,1.372323,-0.069349,0.613457,0.104131,0.263693,0.228176,0.162319,0.274358,0.074164,0.290540,2.420206,1.047266,0.964168,0.808585,0.707243,0.610376,0.576956,0.504825,0.507900,0.453365,0.486159,0.457870,0.463501,1.975389,0.888861,1.001484,0.716865,0.646360,0.580377,0.500909,0.379386,0.442299,0.293250,0.323330,0.321203,0.389617,0.974203,0.453243,0.361243,0.285440,0.234948,0.231427,0.178724,0.129359,0.164879,0.109485,0.109513,0.132289,0.139439,0,1
-47.528795,2.869718,0.553057,0.913284,0.089541,0.527470,0.255023,-0.065923,0.287284,0.108239,0.010679,0.130955,0.064866,2.056638,1.415390,0.963550,0.800485,0.687398,0.600443,0.535410,0.543574,0.517400,0.485001,0.462125,0.499910,0.434599,1.730815,0.870638,0.792234,0.794719,0.639577,0.489139,0.377682,0.400648,0.377003,0.248647,0.279786,0.395476,0.309009,0.524333,0.463075,0.324931,0.265934,0.202115,0.177636,0.130692,0.149482,0.132139,0.122893,0.088070,0.124749,0.100462,0,1
-47.437848,2.404575,-0.273897,1.085836,-0.180071,0.650592,-0.067131,0.307382,0.380568,0.051894,0.372078,-0.004025,-0.032420,2.932520,1.099208,1.078238,0.819046,0.788661,0.618210,0.599732,0.494554,0.543295,0.482605,0.490232,0.466369,0.481514,1.669948,0.784231,0.944180,0.682029,0.525373,0.455792,0.356144,0.274533,0.364144,0.330167,0.284568,0.343778,0.372218,0.930383,0.346795,0.396890,0.284704,0.231151,0.180156,0.161855,0.119356,0.166561,0.159859,0.123421,0.140897,0.171349,0,1
-48.772182,4.669613,0.152695,0.812775,-0.104327,0.515737,0.062575,0.152470,0.245196,-0.032940,0.121165,-0.185471,-0.304827,2.618192,1.295829,1.020665,0.820867,0.882804,0.652637,0.656594,0.590711,0.562885,0.561335,0.530125,0.518583,0.487184,3.121641,1.641759,0.800183,0.747806,0.600657,0.617231,0.402648,0.368528,0.334299,0.386126,0.350871,0.370668,0.348946,1.373412,0.511528,0.346326,0.254333,0.277795,0.185008,0.179281,0.167581,0.169423,0.167380,0.150062,0.137114,0.121709,0,1
-48.752666,4.709362,0.145931,0.821448,-0.132156,0.529557,0.052294,0.155342,0.244260,-0.018647,0.113430,-0.171815,-0.284553,2.658132,1.277836,1.035406,0.823669,0.890887,0.642960,0.651495,0.601576,0.570050,0.559731,0.527795,0.522597,0.488943,3.115086,1.612730,0.829388,0.742327,0.602618,0.607587,0.405998,0.365398,0.337030,0.369638,0.338055,0.367292,0.338913,1.385173,0.519878,0.376728,0.253192,0.267654,0.187212,0.168092,0.173837,0.160571,0.164477,0.140790,0.136616,0.119868,0,1
-47.394700,3.644650,0.129180,0.375744,0.266737,0.418333,0.013250,0.349002,0.252338,0.138145,0.014287,0.029340,0.028207,2.342839,0.975624,0.872147,0.844004,0.663753,0.564531,0.538570,0.513958,0.537881,0.477302,0.492626,0.549164,0.527712,2.037248,1.402327,0.927359,0.873869,0.582081,0.450409,0.470201,0.439594,0.367609,0.345335,0.390789,0.467753,0.457928,0.972823,0.406415,0.339570,0.303505,0.190673,0.158699,0.146710,0.136732,0.149308,0.112432,0.140884,0.186195,0.176407,0,1
-48.263612,2.404189,-0.327808,-0.043758,0.089295,0.477581,-0.139479,0.285380,0.220253,-0.441840,-0.058905,0.181826,0.230104,2.327577,0.807258,0.838074,0.720424,0.683261,0.617647,0.604791,0.529271,0.548228,0.571095,0.551913,0.540664,0.527718,1.675774,0.604081,0.637709,0.544254,0.447044,0.405716,0.370802,0.334097,0.390794,0.326273,0.364909,0.293189,0.286136,1.039878,0.265259,0.250706,0.198776,0.134982,0.126727,0.153421,0.119406,0.130323,0.152890,0.148107,0.117868,0.112247,0,1
-53.506135,6.145842,1.182574,1.547410,-0.027570,0.614758,0.155274,0.267426,0.466293,-0.448210,0.472073,0.016641,0.307859,2.557000,1.228148,0.913185,0.784381,0.734222,0.598918,0.545401,0.517616,0.499262,0.474383,0.467899,0.415709,0.398504,3.244503,1.649373,1.227049,0.866556,1.017453,0.668850,0.606940,0.464672,0.577232,0.364176,0.443942,0.312583,0.414153,1.027584,0.466857,0.357617,0.294257,0.303910,0.210076,0.176800,0.177288,0.173266,0.146050,0.135476,0.109605,0.115575,0,1
-49.309514,3.672446,0.925098,1.218110,-0.104924,0.817027,0.116716,0.118316,0.091963,0.151464,0.154812,0.354641,0.264938,2.884964,1.534008,1.197960,0.975340,0.803194,0.672319,0.622172,0.585694,0.522316,0.484566,0.487038,0.445383,0.433835,2.402055,1.262500,0.925791,0.783796,0.567270,0.514908,0.440431,0.483841,0.379123,0.292534,0.294708,0.213401,0.245060,1.011219,0.575487,0.379587,0.318091,0.244541,0.171338,0.172697,0.159918,0.135544,0.128579,0.130665,0.117892,0.115078,0,1
-45.996412,2.315857,0.242136,0.434105,0.114468,0.390648,-0.138873,0.235863,0.213366,0.074197,-0.004978,0.074914,0.101763,2.154271,0.975611,0.892154,0.797683,0.664727,0.590442,0.561712,0.513065,0.520178,0.500727,0.499281,0.536867,0.540889,2.095696,1.211387,0.704908,0.637780,0.515474,0.420600,0.403457,0.363186,0.322769,0.336067,0.371175,0.344461,0.448270,0.940735,0.382849,0.337460,0.250705,0.163749,0.158813,0.133516,0.118573,0.116418,0.113172,0.129805,0.164051,0.146009,0,1
-48.070581,1.567215,-0.111635,0.615008,-0.240539,0.653041,0.026239,0.528446,0.600844,0.103702,0.063859,-0.384859,-0.151047,3.494743,1.256276,1.126732,1.052675,1.047498,0.788460,0.753185,0.587579,0.612036,0.565857,0.569794,0.634577,0.584019,1.371845,0.719588,0.531709,0.590470,0.451299,0.443033,0.346685,0.292086,0.290188,0.271422,0.289143,0.380684,0.350738,0.863447,0.353486,0.308474,0.289720,0.255885,0.220880,0.211690,0.127871,0.138524,0.134898,0.138007,0.178915,0.148819,0,1
-50.910927,5.078646,-0.378674,0.909674,-0.852958,1.016863,-0.429412,0.355003,0.501106,-0.150671,-0.074904,-0.182055,0.207094,2.177628,1.377020,1.070465,0.797198,0.732162,0.632411,0.659359,0.604471,0.551005,0.558089,0.613825,0.599354,0.687474,3.747188,2.293133,1.574317,1.064104,1.011787,0.589854,0.882628,0.683855,0.998103,0.858186,1.090423,0.573138,0.594133,1.306219,0.806274,0.390620,0.349352,0.326240,0.201239,0.236225,0.211684,0.180480,0.207104,0.317089,0.277714,0.419838,0,1
-47.639105,3.705264,1.165924,0.813914,-0.362207,0.233694,-0.220284,0.429185,0.387095,0.237090,-0.076897,0.309095,0.108464,3.281627,1.465390,1.023201,0.833503,0.827787,0.621670,0.663817,0.556122,0.548689,0.543881,0.466930,0.483081,0.485636,1.953508,0.767974,0.775686,0.568130,0.459497,0.441306,0.521750,0.398317,0.398762,0.412470,0.265107,0.278300,0.342025,1.436468,0.444542,0.257197,0.238668,0.245280,0.162463,0.230848,0.170191,0.172124,0.145745,0.104641,0.145389,0.141341,0,1
-48.734477,2.795738,0.164541,-0.085016,0.214559,0.168588,-0.049283,0.371914,0.158010,0.219654,0.205892,0.243304,0.346860,3.392643,1.457198,1.211680,1.016744,0.796520,0.675104,0.695770,0.538554,0.552447,0.497713,0.487444,0.522792,0.453903,2.235890,0.888533,0.781637,0.839222,0.498730,0.271980,0.332373,0.311040,0.312869,0.232722,0.233176,0.272165,0.294125,1.556906,0.528790,0.342288,0.319454,0.200393,0.168982,0.175542,0.159743,0.140759,0.120694,0.114529,0.130925,0.123367,0,1
-50.136573,1.886502,0.813483,1.456469,0.248852,0.575864,0.173747,0.285615,0.131576,0.185822,0.287421,0.257505,0.052891,4.140347,1.631796,1.100401,0.975019,0.764103,0.702592,0.649744,0.610350,0.593589,0.520077,0.541337,0.556931,0.557108,2.135084,1.197856,0.845458,0.652920,0.409115,0.307287,0.349238,0.340607,0.306324,0.239730,0.285633,0.336327,0.324509,1.353251,0.605492,0.306008,0.267424,0.203704,0.177064,0.150495,0.138331,0.129997,0.123070,0.116603,0.173667,0.124269,0,1
-48.026194,1.513327,-0.012308,0.586762,-0.218282,0.647430,0.039441,0.557046,0.590572,0.090445,-0.009677,-0.334978,-0.189455,3.559942,1.272957,1.120272,1.022459,1.014433,0.753019,0.714629,0.577092,0.599315,0.538590,0.569376,0.610604,0.571034,1.412037,0.732995,0.531090,0.589226,0.443445,0.435985,0.350949,0.290374,0.292602,0.266505,0.276554,0.376245,0.352359,0.881179,0.353962,0.293087,0.278022,0.237129,0.209374,0.198562,0.126480,0.125065,0.131351,0.132329,0.173897,0.155697,0,1
-48.955211,3.286511,-0.245528,1.162852,-0.170732,0.616902,0.005962,0.346560,0.171515,0.035336,0.097212,0.037753,-0.114816,3.372275,1.571629,1.143894,1.083974,0.749142,0.649220,0.617908,0.562846,0.558357,0.513028,0.513346,0.548901,0.544756,2.867591,1.097692,1.030373,0.707410,0.494475,0.358674,0.258047,0.355796,0.271304,0.358483,0.297387,0.379748,0.433785,1.415578,0.613240,0.324885,0.322538,0.202929,0.172464,0.160926,0.139942,0.142540,0.111047,0.136787,0.175490,0.159311,0,1
-50.026368,1.749089,0.879049,1.426919,0.232619,0.601714,0.166815,0.289169,0.127370,0.186338,0.279848,0.253341,0.048581,4.184763,1.684728,1.106272,0.955625,0.732818,0.677245,0.630275,0.580074,0.561536,0.503255,0.512701,0.537353,0.537280,2.167111,1.209579,0.834746,0.644701,0.393184,0.297607,0.342809,0.338130,0.302160,0.239512,0.288379,0.338667,0.320943,1.366204,0.634022,0.315314,0.262299,0.197542,0.156703,0.149415,0.135552,0.117322,0.118472,0.115134,0.169257,0.125670,0,1
-47.639105,3.705264,1.165924,0.813914,-0.362207,0.233694,-0.220284,0.429185,0.387095,0.237090,-0.076897,0.309095,0.108464,3.281627,1.465390,1.023201,0.833503,0.827787,0.621670,0.663817,0.556122,0.548689,0.543881,0.466930,0.483081,0.485636,1.953508,0.767974,0.775686,0.568130,0.459497,0.441306,0.521750,0.398317,0.398762,0.412470,0.265107,0.278300,0.342025,1.436468,0.444542,0.257197,0.238668,0.245280,0.162463,0.230848,0.170191,0.172124,0.145745,0.104641,0.145389,0.141341,0,1
-48.699523,3.188036,0.329987,2.220305,-0.390778,0.677683,-0.117900,0.795465,0.709640,-0.018960,-0.252618,-0.016581,0.095816,2.815684,1.473005,1.096574,1.146285,0.814772,0.702777,0.687870,0.644220,0.645213,0.534725,0.513399,0.516499,0.468611,1.315828,0.980195,0.622617,0.703808,0.439734,0.411381,0.431559,0.294250,0.352452,0.276534,0.293928,0.326210,0.275858,0.957558,0.488128,0.301007,0.329681,0.189466,0.154086,0.144943,0.150099,0.158246,0.138883,0.136180,0.154079,0.149235,0,1
-44.080913,3.254246,0.392675,1.007101,0.092891,0.534895,-0.356132,0.414353,0.450446,-0.099114,-0.219155,-0.475259,-0.607898,2.000069,1.050282,1.102310,0.841646,0.791976,0.738012,0.688845,0.644163,0.710452,0.714800,0.771976,0.775636,0.794357,0.836703,0.562429,0.574794,0.563724,0.419145,0.407489,0.353935,0.300738,0.340222,0.387012,0.492908,0.479372,0.501493,0.483554,0.280212,0.277703,0.188287,0.160073,0.168959,0.147375,0.147540,0.195165,0.192202,0.213115,0.189681,0.207656,0,1
-50.389838,6.203713,-0.167634,0.803494,0.024793,-0.067916,-0.125472,0.151847,0.102102,0.318509,0.251031,0.244117,0.022768,1.694608,0.996930,0.659197,0.661725,0.524383,0.569630,0.487602,0.495588,0.501942,0.457388,0.454965,0.433549,0.449587,1.822803,0.850370,0.509321,0.712158,0.457990,0.608885,0.418099,0.499935,0.428252,0.368018,0.379321,0.338186,0.422465,0.654673,0.332440,0.198540,0.228500,0.148575,0.166373,0.144940,0.127877,0.141314,0.125035,0.114409,0.129540,0.143403,0,1
-49.392058,1.855588,-0.534364,0.298804,-0.601464,0.130354,0.046147,-0.115959,0.401272,-0.508728,-0.544129,-0.620603,-0.791438,3.442747,1.113576,0.964854,0.766544,0.751041,0.582218,0.600526,0.663868,0.610141,0.597342,0.604794,0.665448,0.824538,3.894394,1.332816,0.861782,0.609006,0.561270,0.488628,0.468514,0.615821,0.776360,0.639579,0.686578,0.550660,0.966458,1.682020,0.456632,0.388617,0.256572,0.269887,0.183403,0.173014,0.202961,0.188383,0.163721,0.204843,0.216512,0.305788,0,1
-50.225661,4.408524,0.430480,0.888601,0.544277,0.175134,-0.287781,0.261688,0.306945,-0.316699,-0.068569,-0.181642,-0.239729,2.614630,1.052777,0.847979,0.623405,0.521276,0.479420,0.499650,0.471689,0.506711,0.497490,0.459622,0.440845,0.434987,2.541967,1.176719,0.897954,0.795240,0.372305,0.534219,0.398937,0.523811,0.380893,0.516202,0.346274,0.430459,0.264503,1.149482,0.412456,0.272140,0.198604,0.166891,0.131868,0.122993,0.141005,0.140604,0.135608,0.119228,0.121012,0.102281,0,1
-48.312197,4.861574,1.230747,0.681684,0.275712,0.600590,-0.046145,0.097644,0.421651,-0.022997,0.426829,0.107243,0.368704,2.172122,1.265663,1.019143,0.753609,0.656097,0.567122,0.568211,0.557458,0.511799,0.516197,0.501593,0.509649,0.518568,2.691009,1.093078,1.089120,0.679748,0.695476,0.457648,0.512147,0.566915,0.482120,0.436033,0.458371,0.411352,0.587254,0.761090,0.417943,0.305236,0.250045,0.197624,0.168146,0.159230,0.149963,0.142242,0.142321,0.137693,0.167731,0.185836,0,1
-48.301663,2.105503,0.444517,1.206032,0.383335,0.480751,0.149316,0.200628,0.077471,-0.170885,-0.009603,-0.045141,-0.076090,2.484541,1.216840,0.929660,0.742786,0.682825,0.548035,0.572114,0.511214,0.508337,0.551081,0.529524,0.559880,0.543370,1.455928,0.878210,0.701218,0.525099,0.384472,0.270237,0.311185,0.314005,0.301485,0.407662,0.399888,0.433467,0.484819,0.770567,0.377848,0.295984,0.200770,0.208679,0.150460,0.170482,0.135791,0.165950,0.166084,0.179848,0.219735,0.193803,0,1
-46.492715,2.979311,0.248010,1.045007,-0.077643,0.641894,-0.035958,0.366800,0.389342,-0.019402,0.019018,0.127929,-0.093409,3.029344,1.485677,1.207443,0.968270,0.830105,0.643833,0.595501,0.564982,0.515781,0.521657,0.503849,0.512503,0.492054,1.590958,0.887623,0.799743,0.605358,0.477246,0.350715,0.296687,0.286299,0.285478,0.240820,0.327703,0.295874,0.310022,1.021614,0.461775,0.338380,0.332149,0.286345,0.146400,0.153862,0.135279,0.134250,0.137586,0.140639,0.146509,0.146143,0,1
-46.397282,3.424030,0.091240,1.434229,0.093621,0.236013,0.081768,0.277372,-0.061101,0.078445,0.004402,0.017093,0.107671,2.442195,1.092423,0.722869,0.558912,0.524516,0.489455,0.527632,0.466122,0.450203,0.417263,0.404014,0.404765,0.379221,1.407753,0.655453,0.471731,0.400929,0.324332,0.326826,0.268066,0.238050,0.260535,0.165619,0.179060,0.189607,0.141999,0.766039,0.380800,0.188037,0.130111,0.119908,0.113317,0.128723,0.104951,0.107533,0.080618,0.080196,0.080404,0.074168,0,1
-50.121370,3.513071,0.837651,0.919414,-0.124732,0.071167,0.158558,-0.060897,-0.079311,-0.259137,-0.084543,-0.051189,-0.018901,2.689013,1.122055,0.900405,0.784245,0.703247,0.546871,0.487388,0.512931,0.490764,0.485411,0.458488,0.458569,0.442965,5.305461,1.863430,0.825367,0.648755,0.668351,0.368506,0.309976,0.391167,0.410325,0.307717,0.443682,0.418489,0.365602,1.408969,0.526622,0.249950,0.248355,0.185476,0.168131,0.117775,0.136724,0.109285,0.098082,0.112914,0.107539,0.099747,0,1
-48.301663,2.105503,0.444517,1.206032,0.383335,0.480751,0.149316,0.200628,0.077471,-0.170885,-0.009603,-0.045141,-0.076090,2.484541,1.216840,0.929660,0.742786,0.682825,0.548035,0.572114,0.511214,0.508337,0.551081,0.529524,0.559880,0.543370,1.455928,0.878210,0.701218,0.525099,0.384472,0.270237,0.311185,0.314005,0.301485,0.407662,0.399888,0.433467,0.484819,0.770567,0.377848,0.295984,0.200770,0.208679,0.150460,0.170482,0.135791,0.165950,0.166084,0.179848,0.219735,0.193803,0,1
-43.730300,4.010520,-0.952138,0.394238,-0.296893,0.252627,0.082596,0.184775,0.024031,-0.162963,-0.148644,-0.072144,-0.099292,1.840716,0.856588,0.694423,0.615398,0.532431,0.517322,0.459197,0.473674,0.481992,0.435611,0.441669,0.406842,0.412864,1.552289,1.067147,0.559721,0.496688,0.452663,0.381426,0.295308,0.309068,0.308241,0.229816,0.267018,0.259764,0.265431,0.918019,0.318952,0.203718,0.161359,0.149763,0.135504,0.106323,0.102483,0.113076,0.083005,0.097200,0.094913,0.083792,0,1
-45.520373,3.329980,0.603203,0.473131,-0.059068,0.584988,0.300027,0.249473,0.231665,0.058428,0.188813,0.090533,-0.057133,2.212462,1.102324,0.875556,0.790740,0.659164,0.570205,0.557056,0.519036,0.516903,0.507696,0.448073,0.431056,0.452297,1.831950,0.498247,0.510512,0.565347,0.429528,0.393904,0.370177,0.298369,0.393708,0.376436,0.299629,0.283494,0.346109,0.625816,0.305682,0.265913,0.246824,0.206952,0.159265,0.164414,0.126357,0.123976,0.131136,0.109915,0.098339,0.110059,0,1
-49.998798,4.273593,1.259420,1.223754,0.112259,0.172379,-0.395153,0.135859,0.199672,0.138514,0.426468,-0.181794,0.017191,2.836825,1.448000,1.063909,0.944766,0.845233,0.684600,0.701981,0.601492,0.556678,0.569134,0.527042,0.510964,0.485436,1.778392,1.203480,0.847037,0.880995,0.658979,0.464453,0.546008,0.361481,0.452735,0.463795,0.412066,0.367268,0.377739,0.967025,0.527989,0.310243,0.297911,0.234258,0.230880,0.191609,0.161601,0.161461,0.185418,0.142377,0.159979,0.143860,0,1
-48.813496,2.236726,1.366463,1.755576,-0.178356,0.659617,0.074326,0.327521,0.448907,0.123920,0.353019,-0.090634,0.087207,2.565697,1.234848,0.833127,0.839552,0.680187,0.642822,0.553175,0.521020,0.495440,0.566103,0.474261,0.487752,0.456190,1.490428,0.783024,0.586604,0.748836,0.504932,0.479235,0.428964,0.282826,0.340837,0.418734,0.324676,0.322335,0.323165,0.883101,0.369284,0.257770,0.249236,0.224785,0.171919,0.149270,0.125064,0.119729,0.163492,0.139120,0.132733,0.142992,0,1
-47.481090,2.516023,0.602242,0.944337,0.373662,0.651405,0.212037,0.190459,0.292432,0.136979,0.017820,0.036021,0.270997,2.837608,1.249981,0.910216,0.881790,0.672183,0.608598,0.641110,0.496065,0.521556,0.471553,0.475967,0.463459,0.463334,2.997313,0.962510,0.700000,0.763418,0.546266,0.467073,0.434799,0.327375,0.397389,0.269183,0.229024,0.357835,0.344845,1.489728,0.422636,0.263520,0.304956,0.180281,0.168626,0.200005,0.137875,0.131931,0.117606,0.118637,0.131147,0.136963,0,1
-47.592237,2.170815,0.294350,0.694406,-0.016442,0.971947,0.150220,0.329480,0.312339,-0.030499,0.334316,-0.035667,-0.061325,3.849973,1.432666,0.989923,0.924353,0.713765,0.644370,0.588738,0.553801,0.532479,0.522587,0.528815,0.531932,0.543363,2.182550,0.894511,0.685280,0.652818,0.373418,0.422548,0.366726,0.293254,0.330013,0.411093,0.407064,0.410308,0.440570,1.341724,0.460914,0.297075,0.352609,0.180633,0.167773,0.152904,0.155940,0.167534,0.132907,0.133370,0.177337,0.174962,0,1
-47.445463,3.041365,0.302985,1.491980,-0.244579,0.612705,-0.202517,0.410381,0.255790,0.057735,0.345156,-0.057397,0.122521,3.447194,1.429971,0.971515,0.937396,0.755493,0.672525,0.573102,0.551001,0.484477,0.475561,0.498338,0.469781,0.471897,1.872714,0.936677,0.717480,0.799930,0.564310,0.468307,0.356743,0.303031,0.274447,0.236888,0.315495,0.239131,0.210865,1.164469,0.487906,0.374509,0.335678,0.224284,0.237516,0.177171,0.155599,0.120191,0.102398,0.148972,0.114261,0.113791,0,1
-59.285792,5.136807,0.613653,1.826604,0.218396,0.657090,0.118242,0.232011,0.247081,-0.019702,0.298962,-0.015472,0.120425,3.497849,1.187984,0.855512,0.668969,0.608725,0.486991,0.518997,0.492801,0.466177,0.436706,0.435517,0.421179,0.415133,3.295183,1.065179,0.869955,0.675323,0.499813,0.348742,0.387409,0.378947,0.340681,0.324014,0.263977,0.285951,0.257902,1.693662,0.607331,0.295472,0.225579,0.167202,0.126865,0.132333,0.147450,0.108335,0.117953,0.096945,0.108813,0.099809,0,1
-47.391237,3.678206,0.112558,0.388946,0.268852,0.413884,0.013133,0.332898,0.245044,0.145273,0.006242,0.009044,0.022312,2.336144,0.987799,0.862499,0.852341,0.666779,0.566887,0.539792,0.496925,0.523236,0.481687,0.482671,0.544879,0.513408,2.036415,1.415439,0.924716,0.872122,0.600805,0.474014,0.441643,0.425491,0.348917,0.349078,0.404307,0.473863,0.469655,0.965972,0.392531,0.338228,0.300437,0.203395,0.163591,0.151031,0.127299,0.143269,0.104407,0.147330,0.177983,0.187152,0,1
-51.997308,5.452666,1.205534,0.958795,0.266294,0.053545,0.228513,-0.263164,0.307827,0.173145,0.397844,-0.000269,0.134579,2.566779,0.967073,0.840405,0.724334,0.619531,0.504517,0.500696,0.516257,0.447430,0.442561,0.463280,0.443647,0.404508,2.554081,0.814765,0.682484,0.778924,0.635341,0.418221,0.436151,0.480152,0.340305,0.347437,0.336658,0.351692,0.287366,0.830847,0.379225,0.283104,0.294843,0.173394,0.138954,0.159735,0.147959,0.093901,0.111967,0.124126,0.124199,0.079731,0,1
-48.843177,3.376806,1.031985,1.105348,0.303161,0.340023,0.181043,0.319463,0.110663,0.072938,0.131199,0.083485,-0.052726,1.990204,0.891266,0.680424,0.641118,0.591533,0.480130,0.471246,0.437792,0.502125,0.417885,0.430006,0.408764,0.389341,2.223820,0.879456,0.445618,0.485791,0.258360,0.255177,0.271555,0.193717,0.186615,0.195491,0.186151,0.217970,0.195408,0.520372,0.320543,0.179808,0.165223,0.133128,0.099129,0.106291,0.091008,0.117514,0.086117,0.085421,0.085666,0.093627,0,1
-50.034968,4.848940,1.151339,0.939296,-0.043940,0.440395,-0.277702,0.312027,0.219156,0.183164,0.107530,-0.087188,-0.032390,1.733551,0.901547,0.684757,0.678097,0.599906,0.519747,0.487644,0.516474,0.508946,0.477572,0.486750,0.512782,0.504483,1.424933,0.949636,0.744758,1.019254,0.748124,0.637754,0.470934,0.436484,0.570986,0.518885,0.404508,0.402334,0.423225,0.445743,0.276108,0.198734,0.219432,0.190361,0.137482,0.134523,0.146689,0.170296,0.121628,0.175589,0.178046,0.157592,0,1
-50.371454,4.028832,0.508386,1.496441,0.153383,0.460471,-0.182562,0.029256,0.064299,-0.023655,0.097277,0.180892,0.085187,2.602202,1.677896,1.000161,0.718621,0.690391,0.568694,0.524609,0.498227,0.496879,0.522750,0.455005,0.450778,0.450150,2.064490,1.658545,0.838639,0.682747,0.464968,0.416090,0.365681,0.355034,0.365634,0.421043,0.296710,0.285944,0.388408,0.975869,0.655669,0.366616,0.176848,0.202026,0.209019,0.156493,0.136774,0.156969,0.157101,0.131982,0.109630,0.168094,0,1
-48.595165,3.304300,-0.837690,1.273577,-0.248802,0.199336,-0.219705,0.389541,-0.360663,-0.116291,-0.145863,0.253226,0.164778,3.633793,1.745831,1.197152,0.966981,0.826368,0.767790,0.680623,0.563562,0.625211,0.573474,0.531745,0.526486,0.552324,2.323788,1.053868,0.994989,0.705332,0.559736,0.475837,0.397533,0.388852,0.482816,0.479622,0.415357,0.371744,0.388075,1.841857,0.669194,0.396218,0.283173,0.240601,0.202540,0.177819,0.123973,0.170620,0.147088,0.143743,0.216981,0.191751,0,1
-47.426187,3.092872,0.653970,0.292641,-0.397921,0.406800,-0.200002,0.222369,0.013052,0.118218,-0.009163,-0.103970,-0.217369,1.925191,0.808868,0.609926,0.664487,0.606128,0.507853,0.500435,0.472433,0.434790,0.429226,0.432653,0.422258,0.425651,1.009506,0.608891,0.427789,0.711500,0.448452,0.375814,0.330940,0.322300,0.277702,0.291993,0.316568,0.253103,0.281523,0.520748,0.229345,0.178246,0.176895,0.173450,0.127694,0.129772,0.105699,0.081229,0.089176,0.087788,0.087331,0.111833,0,1
-47.375681,3.607663,1.086735,1.153723,0.466241,0.409308,0.287452,0.354920,0.325063,0.439089,0.217014,0.075051,-0.107170,1.742784,1.292267,0.831443,0.722236,0.595411,0.518498,0.538361,0.512043,0.432444,0.454516,0.411132,0.445360,0.441912,1.438922,0.892142,0.690127,0.648628,0.384835,0.330041,0.388738,0.409288,0.251163,0.324958,0.283265,0.281494,0.307491,0.534392,0.410358,0.298986,0.250333,0.187652,0.143401,0.167956,0.142780,0.095461,0.125166,0.087565,0.107699,0.107292,0,1
-47.509183,2.973022,0.720813,0.948137,-0.248761,0.619954,0.045267,0.709052,0.164220,0.224046,0.171514,-0.050227,-0.022279,3.662919,1.337025,0.885491,0.921542,0.871732,0.708097,0.614298,0.557652,0.539627,0.491964,0.525788,0.455398,0.470909,3.686949,1.230206,0.614358,0.781696,0.750081,0.567097,0.426309,0.345515,0.366737,0.339707,0.339572,0.276515,0.294602,1.716261,0.503254,0.263829,0.278681,0.291159,0.196213,0.177295,0.174818,0.152342,0.138889,0.144611,0.125495,0.130359,0,1
-47.543658,2.917263,1.017317,1.120916,-0.247537,0.539564,-0.110089,0.401198,-0.001793,0.237068,0.137393,-0.074207,0.034411,3.379025,1.323184,0.889885,0.822697,0.884844,0.638987,0.604826,0.568041,0.508100,0.506837,0.485093,0.499621,0.508833,3.308060,1.207795,0.752987,0.827497,0.733484,0.412163,0.329206,0.382872,0.289900,0.332151,0.303699,0.543298,0.462545,1.374773,0.631632,0.314583,0.237718,0.334923,0.187070,0.222935,0.166723,0.137830,0.140008,0.144345,0.176930,0.197995,0,1
-47.173788,3.596900,1.078977,1.140377,0.461716,0.419949,0.260122,0.356718,0.316534,0.448969,0.185665,0.080897,-0.101604,1.740764,1.265311,0.823357,0.735726,0.603237,0.505089,0.526771,0.493663,0.421260,0.438029,0.402162,0.427193,0.418947,1.407081,0.876020,0.686748,0.665690,0.380952,0.326344,0.393512,0.412545,0.255527,0.328347,0.289973,0.281673,0.293117,0.531592,0.412694,0.292405,0.247613,0.188096,0.139151,0.169499,0.139686,0.090256,0.116615,0.086828,0.111292,0.099385,0,1
-45.400869,2.434620,0.485849,1.008110,0.505778,0.445750,-0.085010,0.363302,0.238779,0.148762,0.095710,0.097979,-0.012920,2.770901,1.084957,0.985343,0.739229,0.828521,0.588111,0.532449,0.481768,0.441606,0.409777,0.430003,0.431827,0.443668,1.668254,0.933320,0.700814,0.664414,0.555534,0.382768,0.286653,0.285955,0.252849,0.220781,0.307412,0.273500,0.326982,0.912084,0.433322,0.385661,0.253338,0.268232,0.159233,0.120491,0.106772,0.089309,0.089363,0.089564,0.102191,0.122500,0,1
-46.383703,2.773574,0.225812,0.512969,0.150049,0.126044,-0.117856,0.422859,-0.157155,-0.086709,0.319105,0.195632,-0.069265,2.135209,0.996145,0.838345,0.725558,0.622674,0.638398,0.594975,0.549934,0.508921,0.504481,0.472593,0.457050,0.454598,2.030533,0.943598,0.955697,0.586357,0.561007,0.441032,0.453832,0.382437,0.306430,0.345992,0.325498,0.195008,0.221461,0.637786,0.335020,0.248736,0.210572,0.166346,0.158737,0.149106,0.133411,0.114014,0.126995,0.107816,0.094655,0.089505,0,1
-45.828287,3.178774,0.685667,0.462815,0.633255,0.529911,0.153860,0.362615,0.209221,-0.099810,-0.180022,-0.139721,0.100938,1.688367,0.888154,0.741526,0.605835,0.569692,0.514068,0.496523,0.455577,0.475908,0.458269,0.447248,0.440380,0.443730,0.989252,0.721290,0.686400,0.611917,0.394405,0.417651,0.271912,0.339309,0.414695,0.439808,0.529550,0.337098,0.432763,0.409104,0.211728,0.180471,0.165849,0.148132,0.109339,0.109957,0.096696,0.102852,0.114710,0.122742,0.102626,0.118498,0,1
-46.002823,4.209943,-0.404089,1.252663,-0.082420,0.437143,0.007193,0.584387,0.026532,-0.076939,-0.437554,-0.075863,-0.165060,1.541644,0.920772,0.710223,0.628052,0.572890,0.482617,0.486182,0.486101,0.454061,0.468136,0.484021,0.458084,0.441458,2.058634,0.855736,0.590244,0.605893,0.483909,0.455208,0.373071,0.374197,0.419554,0.461766,0.524345,0.347539,0.503667,0.575720,0.389827,0.293210,0.204265,0.171196,0.124316,0.142810,0.127086,0.118905,0.125879,0.139888,0.148387,0.129931,0,1
-46.836354,4.629192,1.612773,0.971873,0.207048,0.793281,0.114121,0.712959,0.552967,0.250773,0.362230,0.134011,0.026644,2.325537,1.302504,0.792203,0.749075,0.591943,0.549631,0.534226,0.532458,0.454928,0.436855,0.462426,0.427134,0.451395,1.984904,1.148938,0.937851,0.656787,0.481107,0.429355,0.416719,0.421120,0.306316,0.376649,0.382900,0.319121,0.392076,0.949854,0.567505,0.283652,0.253021,0.194905,0.166507,0.139348,0.140592,0.107092,0.121695,0.147611,0.113682,0.155554,0,1
-47.833292,3.632627,1.102672,0.839833,0.089734,0.436936,0.201303,0.740499,0.290936,0.253478,-0.364184,-0.205647,-0.204343,2.139790,1.173418,0.815179,0.732894,0.604282,0.528032,0.534933,0.517375,0.480151,0.447852,0.457511,0.476530,0.492495,2.166336,0.972369,0.787913,0.922893,0.658983,0.435158,0.533389,0.419634,0.392202,0.472173,0.520764,0.664049,0.639949,0.858023,0.407747,0.230148,0.248493,0.208559,0.146750,0.147229,0.148654,0.130083,0.110357,0.140354,0.158740,0.159654,0,1
-52.647561,3.355196,1.244777,0.977447,0.257492,0.714898,0.002708,0.170246,0.425500,-0.102218,0.209865,-0.114657,0.165512,3.569990,1.353023,1.060445,0.970914,0.797590,0.712199,0.601030,0.511791,0.518231,0.425016,0.436589,0.447001,0.451566,2.442888,0.754224,0.962802,0.844720,0.580546,0.491291,0.484301,0.347706,0.330237,0.253949,0.316052,0.256031,0.307382,1.343425,0.417880,0.313969,0.292310,0.238375,0.213906,0.174701,0.125747,0.138712,0.094423,0.123729,0.156774,0.148733,0,1
-46.483346,2.493015,0.103177,0.224595,0.241409,0.547752,-0.135806,0.072271,0.180907,-0.193143,-0.026096,0.183973,0.204304,2.785816,0.937737,0.819987,0.611444,0.513505,0.569290,0.535882,0.529595,0.530649,0.549710,0.517978,0.572178,0.543242,2.533404,0.943236,1.139198,0.593043,0.324823,0.500325,0.366753,0.542275,0.492898,0.554245,0.566840,0.554565,0.415325,1.239150,0.342662,0.347406,0.174967,0.142886,0.196628,0.162019,0.162376,0.151735,0.204808,0.207311,0.276702,0.223781,0,1
-51.377703,5.350224,0.906565,1.034400,0.209505,0.540009,-0.303232,0.424628,0.354427,-0.118108,0.154299,-0.153749,0.141088,2.775382,1.091011,0.785918,0.711225,0.629040,0.620827,0.561852,0.490769,0.464379,0.462432,0.460893,0.456104,0.436773,2.464770,0.870704,0.693803,0.584689,0.436006,0.576730,0.538973,0.341918,0.333357,0.309565,0.348779,0.362229,0.366065,1.233005,0.372653,0.265744,0.228493,0.198716,0.232402,0.205382,0.132916,0.101214,0.128866,0.115515,0.124572,0.123496,0,1
