1 ,2 ,3 ,4 ,5 ,6 ,7 ,8 ,9 ,10 ,11 ,12 ,13 ,14 ,15 ,16 ,17 ,18 ,19 ,20 ,21 ,22 ,23 ,24 ,25 ,26 ,27 ,28 ,29 ,30 ,31 ,32 ,33 ,34 ,35 ,36 ,37 ,38 ,39 ,40 ,41 ,42 ,43 ,44 ,45 ,46 ,47 ,48 ,49 ,50 ,51 ,52 ,53 ,54 ,
-50.095789,3.363015,0.992935,1.526771,0.208153,0.650884,0.129413,0.693994,-0.074474,0.063963,0.050826,-0.162154,-0.318997,2.007405,0.975406,0.774124,0.663413,0.612295,0.504423,0.557219,0.483026,0.479702,0.454238,0.432335,0.441939,0.475728,2.756510,0.943282,0.771948,0.641337,0.569203,0.405525,0.461826,0.367279,0.418320,0.376739,0.292787,0.468703,0.554961,0.911421,0.383439,0.252023,0.242782,0.203778,0.128985,0.164833,0.145662,0.128492,0.109899,0.112741,0.115053,0.132625,1,0
-48.753481,3.006794,1.208233,0.844972,0.055367,-0.019810,0.233273,0.350396,0.341326,0.018980,0.058609,-0.072532,-0.131178,3.477316,1.725500,1.117958,0.998045,0.932557,0.803376,0.731879,0.647137,0.618745,0.575317,0.603952,0.635291,0.666600,2.331025,0.963739,0.790168,0.638756,0.662255,0.517215,0.405788,0.345760,0.354643,0.328650,0.393144,0.547307,0.582633,1.443679,0.629746,0.327033,0.354155,0.305593,0.236542,0.219605,0.170791,0.173243,0.142603,0.173536,0.193432,0.254352,1,0
-48.657267,3.573884,1.211469,0.392672,0.054728,0.333583,0.001118,0.068697,-0.004504,-0.168488,-0.111183,-0.123667,0.051447,2.670437,1.139137,0.697833,0.578047,0.483558,0.465915,0.465391,0.448011,0.467896,0.449651,0.468157,0.491252,0.469821,1.425880,0.625838,0.659442,0.453986,0.359345,0.277733,0.259552,0.344171,0.494665,0.442598,0.438390,0.608204,0.489068,0.776205,0.327337,0.208555,0.180626,0.105413,0.101833,0.093097,0.105897,0.116114,0.125673,0.128738,0.148182,0.149217,1,0
-50.297963,5.352015,-1.445397,2.509438,-0.329814,0.991758,-0.362817,0.648508,0.292566,0.345203,-0.104518,0.124803,-0.185169,1.852735,0.951235,0.745506,0.716518,0.645660,0.576031,0.540171,0.503484,0.482835,0.474581,0.478661,0.479870,0.457583,1.720083,0.876071,0.577314,0.570482,0.480240,0.326527,0.352991,0.349912,0.307017,0.324727,0.334717,0.323659,0.297739,0.717534,0.332148,0.276593,0.226387,0.243457,0.167040,0.143189,0.151954,0.136661,0.118574,0.119666,0.157367,0.136718,1,0
-45.518054,4.181857,-0.094219,0.879500,-0.255421,0.058086,0.064180,0.620753,0.388307,0.191181,-0.032019,0.038884,0.124835,1.352596,0.840761,0.746037,0.735441,0.575195,0.535528,0.454925,0.455426,0.449335,0.399690,0.416765,0.406026,0.405872,1.661876,0.813028,0.797120,0.741365,0.449135,0.557288,0.269555,0.264654,0.260647,0.197539,0.315332,0.293426,0.285661,0.559725,0.395851,0.307541,0.288962,0.183101,0.190924,0.119805,0.108275,0.115754,0.096448,0.111597,0.125090,0.134049,1,0
-49.958716,4.291058,-0.032453,1.086788,-0.109813,0.369054,0.383238,0.710908,0.084945,0.176499,0.020264,0.175701,-0.070291,1.342940,0.750199,0.582217,0.594330,0.550250,0.475118,0.489878,0.488675,0.461766,0.424862,0.441278,0.397828,0.391130,7.610544,1.184480,1.605836,0.759877,0.823135,0.485103,0.450595,0.400482,0.502605,0.418455,0.342052,0.395163,0.317827,0.990011,0.483201,0.296338,0.242537,0.240685,0.137627,0.165082,0.186937,0.162093,0.125785,0.123202,0.090067,0.103457,1,0
-54.088271,4.485152,1.059279,0.866271,0.566881,0.289887,0.506139,0.883858,0.458405,0.418077,0.250676,0.010418,0.331459,1.776286,0.938845,0.726136,0.531319,0.473636,0.482734,0.486449,0.465672,0.431490,0.428314,0.421389,0.399811,0.419638,3.406034,0.645382,1.039450,0.524511,0.465590,0.503395,0.353340,0.390029,0.477921,0.366204,0.443562,0.299641,0.336746,0.762769,0.306408,0.326757,0.167569,0.119521,0.142908,0.110031,0.115962,0.096597,0.113151,0.089788,0.102774,0.130388,1,0
-55.385850,5.752502,-0.675051,0.992714,-0.949643,-0.219908,0.093663,0.476163,-0.116005,-0.684100,-0.486347,-0.235066,0.032394,1.578762,0.988162,0.739482,0.671667,0.513337,0.491036,0.483037,0.491951,0.557953,0.487465,0.508878,0.484836,0.502252,3.226881,1.889771,1.180379,1.253143,0.630495,0.653369,0.585273,0.639737,0.898351,1.051400,0.801796,0.936158,0.938869,0.876973,0.517114,0.441647,0.332726,0.174442,0.164054,0.170432,0.157224,0.198661,0.199884,0.180015,0.228607,0.194326,1,0
-47.433771,3.693764,0.028158,1.508914,0.095879,0.213613,0.073663,0.517984,0.539042,0.233846,0.040204,0.094722,0.052656,1.241661,0.843739,0.770035,0.637545,0.584901,0.546980,0.469046,0.475169,0.439256,0.412742,0.442373,0.402648,0.434254,2.569281,0.914418,0.990520,0.615065,0.690627,0.457496,0.443747,0.377459,0.331042,0.355770,0.332315,0.311962,0.378584,0.668090,0.355822,0.268599,0.180268,0.177967,0.158163,0.136690,0.151549,0.114955,0.103176,0.112603,0.098341,0.126304,1,0
-46.822172,2.783641,0.902571,1.324020,-0.155848,-0.088793,0.100460,0.595540,0.105508,-0.164268,0.062029,-0.029738,0.058714,1.714716,0.738304,0.780308,0.721996,0.567415,0.553792,0.479755,0.504343,0.476081,0.502483,0.435899,0.448027,0.437888,2.587038,0.470773,0.689124,0.475616,0.607170,0.335314,0.273456,0.382510,0.292399,0.417666,0.262517,0.282979,0.274825,0.854486,0.279737,0.355215,0.276962,0.161644,0.123327,0.142555,0.105279,0.116262,0.114921,0.102965,0.115789,0.125849,1,0
-49.914201,4.838623,0.216001,1.523632,0.712777,0.501033,0.192285,0.361563,-0.016923,0.140862,0.487781,-0.002290,0.005190,2.123483,1.190398,0.660691,0.655408,0.508412,0.496127,0.467728,0.448617,0.458355,0.403379,0.405578,0.413761,0.403721,2.918642,1.139548,0.554203,0.777567,0.471654,0.497767,0.354867,0.387570,0.476461,0.355149,0.408309,0.418809,0.410552,0.991110,0.501283,0.226993,0.241260,0.160318,0.135660,0.155152,0.164147,0.154624,0.097240,0.111149,0.128926,0.102723,1,0
-55.575102,6.444670,0.258448,0.605466,-0.796393,0.596326,-0.323764,0.137598,-0.141446,-0.218025,-0.016521,-0.513560,-0.352480,1.144096,0.824555,0.560095,0.616256,0.501564,0.502362,0.440922,0.434719,0.439624,0.421725,0.424101,0.443577,0.438389,2.821480,1.370549,1.032549,1.065166,0.595598,0.876974,0.602024,0.488555,0.483781,0.699949,0.600504,0.687702,0.648899,0.695206,0.499997,0.305140,0.303411,0.217239,0.180009,0.158949,0.142779,0.142326,0.134788,0.119215,0.153492,0.153027,1,0
-46.793606,3.762078,-0.598432,1.280757,0.144360,0.651343,0.237006,0.161723,0.135443,-0.110308,0.074358,0.191944,0.287075,1.445818,0.827992,0.737301,0.602472,0.549471,0.474497,0.488894,0.457847,0.469945,0.428103,0.441494,0.462585,0.437803,2.355780,0.924186,0.672933,0.620392,0.490826,0.431651,0.407282,0.389347,0.477795,0.337605,0.340317,0.412299,0.324521,0.628599,0.314472,0.285629,0.194098,0.171518,0.125426,0.139576,0.114254,0.131928,0.110346,0.110921,0.119449,0.121627,1,0
-53.708300,5.272979,1.937465,1.521215,0.752084,0.270490,0.181680,0.143938,0.457828,-0.081635,0.271575,0.227160,0.508084,2.577094,1.264682,0.799588,0.805843,0.562836,0.547050,0.513427,0.475706,0.496773,0.443103,0.384986,0.391376,0.385288,2.921273,1.072217,0.743210,0.917518,0.466749,0.579703,0.542851,0.490456,0.529190,0.524228,0.395653,0.331015,0.364385,1.114071,0.470470,0.337942,0.388354,0.168994,0.176748,0.157030,0.157016,0.163272,0.152254,0.104724,0.110651,0.098539,1,0
-51.598006,4.750649,-0.738911,1.031000,0.375063,0.255485,0.309241,0.495620,-0.208334,-0.226676,0.166612,0.110355,0.051559,1.429952,0.846107,0.756107,0.623090,0.513114,0.520658,0.511205,0.497285,0.448257,0.427838,0.432189,0.398017,0.387561,1.631992,0.653353,1.022873,0.856551,0.531413,0.569214,0.571012,0.372006,0.315260,0.312571,0.343127,0.267670,0.225128,0.615580,0.256162,0.211893,0.184663,0.121197,0.160124,0.144277,0.149507,0.124725,0.092289,0.103111,0.087006,0.081847,1,0
-47.650431,3.417570,0.397809,0.571420,-0.094602,0.100404,-0.094680,0.253608,0.101391,0.063896,0.070606,0.148505,0.210395,3.139083,1.097881,0.900938,0.765768,0.636444,0.578924,0.521688,0.499320,0.476778,0.456005,0.450407,0.444460,0.432229,2.294784,0.944128,0.932993,0.743836,0.406883,0.504555,0.359204,0.288124,0.342534,0.270830,0.315048,0.273525,0.338640,1.037583,0.390393,0.306991,0.262526,0.211331,0.152331,0.127439,0.141587,0.110950,0.116650,0.112795,0.128633,0.116610,1,0
-50.391298,2.918836,1.091279,0.992440,0.111177,0.385996,0.068656,0.568906,0.192378,0.143385,0.242345,0.106210,0.099786,2.936762,0.992230,0.741229,0.723895,0.621301,0.546910,0.564988,0.552444,0.506501,0.472673,0.439371,0.416507,0.416937,2.906884,0.899567,0.600414,0.702013,0.458910,0.367940,0.444750,0.429344,0.399277,0.297942,0.244004,0.261386,0.266881,1.709509,0.398617,0.265746,0.244798,0.205295,0.140717,0.146717,0.152051,0.142162,0.108779,0.098827,0.100645,0.082707,1,0
-47.403688,3.731558,0.347071,0.999371,0.075215,-0.008536,0.031202,0.148755,0.404737,-0.194208,0.054867,0.017691,-0.137206,0.943151,0.749273,0.577286,0.545035,0.479490,0.462311,0.443779,0.426752,0.427684,0.415341,0.387288,0.374153,0.368245,1.789967,0.949765,1.082274,0.694338,0.464820,0.449533,0.475197,0.405372,0.450821,0.294011,0.306846,0.278494,0.325598,0.403724,0.335389,0.194938,0.163235,0.133642,0.122332,0.093302,0.105993,0.107260,0.090512,0.088454,0.070166,0.070559,1,0
-48.021247,3.953863,0.924281,0.596552,0.375816,0.336709,0.069551,0.447687,0.490927,-0.091282,0.101987,-0.077303,-0.047223,2.158916,1.042378,0.940822,0.770742,0.620339,0.567600,0.562324,0.513688,0.519699,0.478081,0.497923,0.482856,0.516514,1.692638,0.801761,0.842494,0.705955,0.388158,0.397495,0.384353,0.337780,0.330849,0.296469,0.361880,0.333011,0.445906,0.662574,0.322452,0.244255,0.225809,0.153977,0.133695,0.147759,0.143345,0.137427,0.110125,0.125615,0.109488,0.161291,1,0
-45.659738,3.958933,0.135458,0.543377,0.128364,0.514515,-0.208576,0.333358,-0.042594,-0.125657,0.149630,0.023304,0.102732,2.168052,1.116192,0.794359,0.730735,0.707398,0.574427,0.568384,0.548562,0.498186,0.480870,0.441775,0.430123,0.431839,2.370306,0.895427,0.749603,0.727351,0.421974,0.395203,0.332852,0.427322,0.338673,0.322970,0.294794,0.200573,0.273638,0.902218,0.454826,0.375174,0.268581,0.217953,0.187423,0.162011,0.170237,0.138191,0.132682,0.123218,0.098343,0.120912,1,0
-44.089407,3.073832,-0.518849,0.483289,-0.187827,0.007272,-0.084861,0.166229,0.006294,-0.140249,-0.005744,0.021231,0.114917,2.461555,0.883060,0.826861,0.768018,0.663219,0.527593,0.563777,0.452546,0.461945,0.477217,0.416867,0.428938,0.422986,2.114743,0.669275,0.592192,0.636603,0.488609,0.431913,0.429224,0.224113,0.266037,0.336518,0.228150,0.256325,0.255562,0.877366,0.255228,0.240899,0.220227,0.187458,0.121379,0.181627,0.079807,0.110883,0.107536,0.076066,0.098524,0.095955,1,0
-46.448241,2.336303,-0.023652,0.526887,-0.027429,0.150396,-0.001048,0.082580,-0.048708,-0.079714,0.048451,0.128169,0.140602,2.593460,0.927448,0.739331,0.540562,0.519076,0.503854,0.470958,0.454292,0.458385,0.422012,0.411559,0.385879,0.378802,3.712726,1.061307,0.861484,0.371881,0.453463,0.407473,0.445633,0.415759,0.461635,0.228645,0.242970,0.166905,0.182550,1.333856,0.337594,0.301431,0.138407,0.178897,0.139187,0.151150,0.132169,0.132340,0.091618,0.093953,0.089032,0.073155,1,0
-47.648841,3.406901,0.406008,0.562353,-0.092512,0.100046,-0.109694,0.259734,0.097694,0.073746,0.074045,0.144099,0.207480,3.148572,1.097538,0.896117,0.760345,0.627799,0.577516,0.528689,0.509161,0.484019,0.437540,0.452397,0.441954,0.422081,2.274909,0.950181,0.935000,0.739151,0.427783,0.515143,0.359015,0.292352,0.335382,0.275351,0.310752,0.280301,0.350038,1.037534,0.381079,0.308265,0.251081,0.211654,0.154099,0.128731,0.142182,0.106679,0.115828,0.113765,0.118661,0.117879,1,0
-47.820833,3.305323,0.895866,0.653754,0.344025,0.544335,-0.138151,0.424681,0.236420,0.089218,0.124637,-0.051938,0.119280,3.074006,1.385190,1.050551,0.904029,0.707830,0.624460,0.630957,0.542147,0.521283,0.470405,0.495192,0.447547,0.471815,2.573094,1.045584,0.964349,0.798193,0.530350,0.485798,0.468539,0.410669,0.326654,0.291882,0.321118,0.305255,0.326312,1.249628,0.474330,0.426400,0.333910,0.253013,0.189320,0.178871,0.149220,0.133915,0.111049,0.134524,0.139078,0.140898,1,0
-47.247650,3.316979,0.044170,0.351253,-0.030837,0.207005,-0.119496,0.331235,0.340804,0.039284,0.135416,-0.094021,0.063430,2.691500,1.117855,0.759577,0.736124,0.633483,0.543322,0.575350,0.435056,0.458384,0.466061,0.458427,0.456736,0.473243,2.728393,0.857139,0.774684,0.756167,0.420141,0.372513,0.409494,0.253483,0.331026,0.284898,0.327380,0.319481,0.465005,0.923481,0.381100,0.243192,0.244259,0.226779,0.145040,0.168994,0.104289,0.094600,0.111029,0.129511,0.113408,0.140067,1,0
-50.943005,5.517895,1.945775,0.813911,0.623170,0.792651,0.182720,0.166346,0.321741,0.090108,0.395265,0.026631,0.110150,2.842206,1.479241,0.873415,0.737413,0.648328,0.533845,0.559643,0.505533,0.484486,0.451562,0.426518,0.465945,0.436221,2.403224,1.271044,0.767102,0.690416,0.590718,0.445989,0.573833,0.510420,0.390620,0.280530,0.382072,0.375276,0.375033,1.373981,0.423549,0.234949,0.254877,0.186474,0.175758,0.168640,0.147483,0.135129,0.125904,0.110651,0.119948,0.135332,1,0
-48.310610,5.820147,0.104628,0.116826,0.343260,0.323128,-0.379037,0.148738,0.380355,-0.249482,-0.067301,-0.173453,-0.106495,2.042502,0.955189,0.806932,0.734876,0.587210,0.517033,0.553856,0.476243,0.483353,0.468421,0.445719,0.456463,0.471956,2.966940,0.959193,0.936059,0.871726,0.480980,0.598900,0.520608,0.409462,0.431327,0.453052,0.381302,0.281119,0.388603,0.877910,0.365391,0.292858,0.260510,0.173894,0.145377,0.160474,0.135860,0.132785,0.113529,0.120944,0.141653,0.163862,1,0
-49.083360,4.612036,0.278438,0.939629,0.568831,0.496494,0.002457,0.535249,0.468889,0.115806,0.184613,-0.039837,0.086000,2.886531,1.487761,0.833821,0.817867,0.620049,0.549676,0.580860,0.502229,0.481025,0.435293,0.441048,0.478296,0.471584,2.510156,0.810774,0.576189,0.631420,0.475125,0.286116,0.311050,0.297404,0.329834,0.272252,0.310828,0.337305,0.422212,1.017363,0.484919,0.264917,0.248437,0.184753,0.115153,0.154098,0.131018,0.121187,0.117526,0.100808,0.138861,0.141043,1,0
-47.249929,4.117223,0.492337,0.505925,0.146013,0.264529,0.165812,0.368091,0.163534,0.273061,0.166219,-0.004760,-0.015649,2.516811,1.070698,0.733413,0.657623,0.592419,0.536307,0.491870,0.470728,0.483049,0.507234,0.447376,0.429643,0.408534,1.935499,0.746475,0.782909,0.645634,0.509389,0.395635,0.281189,0.342734,0.335700,0.478027,0.411797,0.331212,0.324292,0.853112,0.304990,0.251033,0.219678,0.207535,0.139653,0.123941,0.122542,0.140519,0.136637,0.116904,0.101973,0.111075,1,0
-47.180245,4.372850,0.518309,0.609858,0.400428,0.203322,0.324281,0.245840,0.207847,-0.117271,0.025980,-0.128113,0.214587,2.554305,1.326475,0.897982,0.766345,0.639220,0.538614,0.536702,0.500535,0.494131,0.438035,0.451675,0.420532,0.447020,1.799536,0.856586,0.785285,0.669520,0.353470,0.337787,0.427163,0.408495,0.345989,0.277503,0.299426,0.277827,0.384078,0.842362,0.402138,0.277027,0.245290,0.170354,0.127313,0.162184,0.150751,0.134925,0.101966,0.130491,0.120074,0.129498,1,0
-45.171215,4.037314,-0.523610,0.182598,-0.136995,-0.072920,-0.101150,0.063275,-0.037404,-0.154427,-0.093009,0.099104,0.179837,2.206123,0.947035,0.685816,0.666949,0.553039,0.497419,0.512620,0.500402,0.477609,0.432425,0.418078,0.409031,0.397724,2.135363,0.745927,0.647309,0.636074,0.336953,0.354994,0.422207,0.474044,0.403798,0.349167,0.338184,0.270143,0.282696,0.718628,0.380992,0.215960,0.214419,0.156797,0.136056,0.129891,0.132744,0.111405,0.100534,0.090329,0.098292,0.091522,1,0
-45.274976,3.949281,-0.470858,0.184232,-0.127353,-0.066861,-0.104360,0.053940,-0.019226,-0.169097,-0.092337,0.105021,0.166398,2.215898,0.948526,0.677205,0.677534,0.563838,0.522407,0.533619,0.522569,0.500037,0.452584,0.438104,0.435225,0.423701,2.150723,0.750955,0.622979,0.633886,0.326578,0.364812,0.430230,0.481070,0.412539,0.344656,0.331290,0.270840,0.281139,0.719061,0.376826,0.211163,0.216445,0.150946,0.136850,0.136308,0.137306,0.116948,0.097806,0.094442,0.099970,0.091756,1,0
-51.695393,2.740340,0.665619,0.938203,0.438671,0.028786,-0.019555,0.042616,0.010811,-0.087885,0.127894,0.087904,0.136956,3.094765,1.322609,0.874270,0.815990,0.709244,0.630092,0.566189,0.583259,0.518316,0.489225,0.469945,0.451721,0.461663,3.142428,0.895140,0.732851,0.761017,0.457289,0.527401,0.430674,0.464604,0.354138,0.329621,0.274363,0.271027,0.308445,1.369311,0.553750,0.331992,0.295930,0.231282,0.173476,0.184390,0.144476,0.122065,0.104929,0.121258,0.139638,0.129457,1,0
-48.003865,3.462470,-0.532529,0.194016,0.249564,0.491319,-0.194193,0.247119,0.215025,-0.149931,-0.162032,0.053065,0.066572,2.235794,0.905309,0.684878,0.638342,0.550885,0.508522,0.496476,0.465160,0.432997,0.432042,0.439870,0.401180,0.403852,4.328171,1.115850,0.717505,0.524593,0.484846,0.446235,0.543988,0.374708,0.300703,0.314641,0.363860,0.295744,0.205066,2.466381,0.476427,0.342539,0.219466,0.215193,0.153745,0.184089,0.146592,0.134538,0.110211,0.113733,0.101943,0.090167,1,0
-47.989958,4.946067,0.892250,0.420691,0.184599,-0.097208,0.016115,0.371002,0.086814,-0.134418,0.004965,-0.141956,0.177290,2.589475,1.215307,0.808837,0.695917,0.641429,0.561696,0.550866,0.556779,0.458592,0.472277,0.442767,0.458919,0.448655,2.478480,0.992992,0.688185,0.677695,0.506426,0.485469,0.417697,0.435540,0.386197,0.298883,0.388503,0.357021,0.386639,1.114932,0.449969,0.284692,0.216677,0.227185,0.166323,0.167859,0.140667,0.120766,0.137436,0.114919,0.141109,0.145377,1,0
-43.194973,3.588596,-0.853256,-0.073104,-0.150184,-0.023795,-0.029838,0.226943,0.133219,-0.124115,-0.113407,-0.123296,-0.007990,1.761673,0.829510,0.812883,0.635273,0.559593,0.530307,0.514669,0.474328,0.467829,0.420918,0.433955,0.434814,0.436522,2.352916,0.785666,0.718581,0.725744,0.364988,0.425929,0.343987,0.328865,0.372126,0.298419,0.271656,0.284461,0.301249,0.808704,0.302246,0.242126,0.211128,0.156848,0.134075,0.122636,0.131484,0.109474,0.082488,0.085148,0.101101,0.086178,1,0
-47.324248,4.411286,0.494726,1.215130,0.350106,0.082450,-0.253220,0.082224,0.121828,-0.124666,0.122098,0.147236,0.075498,2.799382,1.355474,1.028392,0.761350,0.681087,0.553600,0.570817,0.475944,0.483625,0.452403,0.469182,0.451639,0.458086,2.461350,0.846212,0.808973,0.758391,0.623811,0.453909,0.400518,0.302168,0.375093,0.246391,0.272842,0.287645,0.326266,1.311925,0.465985,0.400874,0.266947,0.216688,0.150988,0.172307,0.127374,0.129447,0.102939,0.120741,0.113884,0.135510,1,0
-44.753879,2.882763,-0.115161,0.335793,0.044762,0.119965,-0.250169,0.186930,0.106111,0.077734,0.043850,0.145350,0.141455,2.823904,0.905610,0.911317,0.748882,0.601215,0.572521,0.585598,0.548482,0.574882,0.529500,0.487794,0.511636,0.491535,2.454015,0.849166,1.005774,0.630817,0.389798,0.292795,0.344071,0.273385,0.333564,0.270049,0.240734,0.218531,0.250575,1.279561,0.269024,0.290716,0.217783,0.173960,0.124148,0.162456,0.147905,0.148707,0.163050,0.131510,0.133309,0.125941,1,0
-45.627567,2.967258,-0.240304,0.623998,0.085290,-0.050572,-0.078712,0.102090,0.042298,0.045498,0.140519,0.024147,-0.095049,2.753074,0.954994,0.734341,0.660693,0.555959,0.541554,0.511732,0.474886,0.479290,0.457150,0.453396,0.467327,0.453065,1.969435,0.732730,0.592731,0.514957,0.414256,0.390011,0.337775,0.279413,0.299722,0.224327,0.251814,0.350138,0.368935,0.959310,0.332999,0.314453,0.236768,0.142458,0.126428,0.136427,0.131501,0.115409,0.110891,0.117581,0.146092,0.146570,1,0
-46.251628,3.378309,1.161050,0.668078,0.027195,0.625152,-0.212837,0.247342,0.276960,0.180348,0.436410,0.028684,0.083025,2.252930,0.991559,0.777757,0.789888,0.636779,0.560251,0.548395,0.519622,0.499123,0.477240,0.481129,0.457725,0.455575,3.192285,0.924749,1.307951,0.983703,0.709165,0.638263,0.426498,0.488679,0.493727,0.366819,0.352317,0.372934,0.485431,0.816685,0.398993,0.281820,0.348910,0.202620,0.158116,0.184099,0.154454,0.142834,0.122193,0.130713,0.121690,0.121236,1,0
-47.476084,5.404272,-0.808400,1.567783,-0.152215,0.164569,0.001268,0.212595,-0.287727,-0.301608,0.118172,-0.432906,-0.041886,1.248877,0.734314,0.604067,0.669096,0.527133,0.485762,0.450371,0.458123,0.523123,0.444264,0.447774,0.471106,0.452869,3.786563,0.821675,0.867261,0.754817,0.460296,0.497748,0.309088,0.402527,0.466914,0.424719,0.376545,0.625112,0.436715,0.633782,0.341341,0.214659,0.283876,0.153705,0.131715,0.121085,0.123439,0.183033,0.143517,0.129844,0.152882,0.137573,1,0
-54.750416,6.256600,0.925877,0.753453,0.791701,-0.289763,0.786063,-0.606603,0.310108,0.277166,0.204549,0.308779,-0.122326,2.095005,1.004591,0.953909,0.727974,0.757462,0.573206,0.564188,0.574721,0.524762,0.488536,0.498307,0.507195,0.487280,2.772505,1.003132,1.213146,0.850640,0.829660,0.652063,0.655954,0.483657,0.556275,0.552052,0.537087,0.597714,0.427717,0.904293,0.465170,0.475041,0.296187,0.320284,0.164044,0.183645,0.185403,0.151132,0.133731,0.154007,0.155628,0.149180,1,0
-46.499757,3.259838,0.068656,1.372323,-0.069349,0.613457,0.104131,0.263693,0.228176,0.162319,0.274358,0.074164,0.290540,2.420206,1.047266,0.964168,0.808585,0.707243,0.610376,0.576956,0.504825,0.507900,0.453365,0.486159,0.457870,0.463501,1.975389,0.888861,1.001484,0.716865,0.646360,0.580377,0.500909,0.379386,0.442299,0.293250,0.323330,0.321203,0.389617,0.974203,0.453243,0.361243,0.285440,0.234948,0.231427,0.178724,0.129359,0.164879,0.109485,0.109513,0.132289,0.139439,1,0
-47.528795,2.869718,0.553057,0.913284,0.089541,0.527470,0.255023,-0.065923,0.287284,0.108239,0.010679,0.130955,0.064866,2.056638,1.415390,0.963550,0.800485,0.687398,0.600443,0.535410,0.543574,0.517400,0.485001,0.462125,0.499910,0.434599,1.730815,0.870638,0.792234,0.794719,0.639577,0.489139,0.377682,0.400648,0.377003,0.248647,0.279786,0.395476,0.309009,0.524333,0.463075,0.324931,0.265934,0.202115,0.177636,0.130692,0.149482,0.132139,0.122893,0.088070,0.124749,0.100462,1,0
-47.437848,2.404575,-0.273897,1.085836,-0.180071,0.650592,-0.067131,0.307382,0.380568,0.051894,0.372078,-0.004025,-0.032420,2.932520,1.099208,1.078238,0.819046,0.788661,0.618210,0.599732,0.494554,0.543295,0.482605,0.490232,0.466369,0.481514,1.669948,0.784231,0.944180,0.682029,0.525373,0.455792,0.356144,0.274533,0.364144,0.330167,0.284568,0.343778,0.372218,0.930383,0.346795,0.396890,0.284704,0.231151,0.180156,0.161855,0.119356,0.166561,0.159859,0.123421,0.140897,0.171349,1,0
-48.772182,4.669613,0.152695,0.812775,-0.104327,0.515737,0.062575,0.152470,0.245196,-0.032940,0.121165,-0.185471,-0.304827,2.618192,1.295829,1.020665,0.820867,0.882804,0.652637,0.656594,0.590711,0.562885,0.561335,0.530125,0.518583,0.487184,3.121641,1.641759,0.800183,0.747806,0.600657,0.617231,0.402648,0.368528,0.334299,0.386126,0.350871,0.370668,0.348946,1.373412,0.511528,0.346326,0.254333,0.277795,0.185008,0.179281,0.167581,0.169423,0.167380,0.150062,0.137114,0.121709,1,0
-48.752666,4.709362,0.145931,0.821448,-0.132156,0.529557,0.052294,0.155342,0.244260,-0.018647,0.113430,-0.171815,-0.284553,2.658132,1.277836,1.035406,0.823669,0.890887,0.642960,0.651495,0.601576,0.570050,0.559731,0.527795,0.522597,0.488943,3.115086,1.612730,0.829388,0.742327,0.602618,0.607587,0.405998,0.365398,0.337030,0.369638,0.338055,0.367292,0.338913,1.385173,0.519878,0.376728,0.253192,0.267654,0.187212,0.168092,0.173837,0.160571,0.164477,0.140790,0.136616,0.119868,1,0
-47.394700,3.644650,0.129180,0.375744,0.266737,0.418333,0.013250,0.349002,0.252338,0.138145,0.014287,0.029340,0.028207,2.342839,0.975624,0.872147,0.844004,0.663753,0.564531,0.538570,0.513958,0.537881,0.477302,0.492626,0.549164,0.527712,2.037248,1.402327,0.927359,0.873869,0.582081,0.450409,0.470201,0.439594,0.367609,0.345335,0.390789,0.467753,0.457928,0.972823,0.406415,0.339570,0.303505,0.190673,0.158699,0.146710,0.136732,0.149308,0.112432,0.140884,0.186195,0.176407,1,0
-48.263612,2.404189,-0.327808,-0.043758,0.089295,0.477581,-0.139479,0.285380,0.220253,-0.441840,-0.058905,0.181826,0.230104,2.327577,0.807258,0.838074,0.720424,0.683261,0.617647,0.604791,0.529271,0.548228,0.571095,0.551913,0.540664,0.527718,1.675774,0.604081,0.637709,0.544254,0.447044,0.405716,0.370802,0.334097,0.390794,0.326273,0.364909,0.293189,0.286136,1.039878,0.265259,0.250706,0.198776,0.134982,0.126727,0.153421,0.119406,0.130323,0.152890,0.148107,0.117868,0.112247,1,0
-53.506135,6.145842,1.182574,1.547410,-0.027570,0.614758,0.155274,0.267426,0.466293,-0.448210,0.472073,0.016641,0.307859,2.557000,1.228148,0.913185,0.784381,0.734222,0.598918,0.545401,0.517616,0.499262,0.474383,0.467899,0.415709,0.398504,3.244503,1.649373,1.227049,0.866556,1.017453,0.668850,0.606940,0.464672,0.577232,0.364176,0.443942,0.312583,0.414153,1.027584,0.466857,0.357617,0.294257,0.303910,0.210076,0.176800,0.177288,0.173266,0.146050,0.135476,0.109605,0.115575,1,0
-49.309514,3.672446,0.925098,1.218110,-0.104924,0.817027,0.116716,0.118316,0.091963,0.151464,0.154812,0.354641,0.264938,2.884964,1.534008,1.197960,0.975340,0.803194,0.672319,0.622172,0.585694,0.522316,0.484566,0.487038,0.445383,0.433835,2.402055,1.262500,0.925791,0.783796,0.567270,0.514908,0.440431,0.483841,0.379123,0.292534,0.294708,0.213401,0.245060,1.011219,0.575487,0.379587,0.318091,0.244541,0.171338,0.172697,0.159918,0.135544,0.128579,0.130665,0.117892,0.115078,1,0
-45.996412,2.315857,0.242136,0.434105,0.114468,0.390648,-0.138873,0.235863,0.213366,0.074197,-0.004978,0.074914,0.101763,2.154271,0.975611,0.892154,0.797683,0.664727,0.590442,0.561712,0.513065,0.520178,0.500727,0.499281,0.536867,0.540889,2.095696,1.211387,0.704908,0.637780,0.515474,0.420600,0.403457,0.363186,0.322769,0.336067,0.371175,0.344461,0.448270,0.940735,0.382849,0.337460,0.250705,0.163749,0.158813,0.133516,0.118573,0.116418,0.113172,0.129805,0.164051,0.146009,1,0
-48.070581,1.567215,-0.111635,0.615008,-0.240539,0.653041,0.026239,0.528446,0.600844,0.103702,0.063859,-0.384859,-0.151047,3.494743,1.256276,1.126732,1.052675,1.047498,0.788460,0.753185,0.587579,0.612036,0.565857,0.569794,0.634577,0.584019,1.371845,0.719588,0.531709,0.590470,0.451299,0.443033,0.346685,0.292086,0.290188,0.271422,0.289143,0.380684,0.350738,0.863447,0.353486,0.308474,0.289720,0.255885,0.220880,0.211690,0.127871,0.138524,0.134898,0.138007,0.178915,0.148819,1,0
-50.910927,5.078646,-0.378674,0.909674,-0.852958,1.016863,-0.429412,0.355003,0.501106,-0.150671,-0.074904,-0.182055,0.207094,2.177628,1.377020,1.070465,0.797198,0.732162,0.632411,0.659359,0.604471,0.551005,0.558089,0.613825,0.599354,0.687474,3.747188,2.293133,1.574317,1.064104,1.011787,0.589854,0.882628,0.683855,0.998103,0.858186,1.090423,0.573138,0.594133,1.306219,0.806274,0.390620,0.349352,0.326240,0.201239,0.236225,0.211684,0.180480,0.207104,0.317089,0.277714,0.419838,1,0
-47.639105,3.705264,1.165924,0.813914,-0.362207,0.233694,-0.220284,0.429185,0.387095,0.237090,-0.076897,0.309095,0.108464,3.281627,1.465390,1.023201,0.833503,0.827787,0.621670,0.663817,0.556122,0.548689,0.543881,0.466930,0.483081,0.485636,1.953508,0.767974,0.775686,0.568130,0.459497,0.441306,0.521750,0.398317,0.398762,0.412470,0.265107,0.278300,0.342025,1.436468,0.444542,0.257197,0.238668,0.245280,0.162463,0.230848,0.170191,0.172124,0.145745,0.104641,0.145389,0.141341,1,0
-48.734477,2.795738,0.164541,-0.085016,0.214559,0.168588,-0.049283,0.371914,0.158010,0.219654,0.205892,0.243304,0.346860,3.392643,1.457198,1.211680,1.016744,0.796520,0.675104,0.695770,0.538554,0.552447,0.497713,0.487444,0.522792,0.453903,2.235890,0.888533,0.781637,0.839222,0.498730,0.271980,0.332373,0.311040,0.312869,0.232722,0.233176,0.272165,0.294125,1.556906,0.528790,0.342288,0.319454,0.200393,0.168982,0.175542,0.159743,0.140759,0.120694,0.114529,0.130925,0.123367,1,0
-50.136573,1.886502,0.813483,1.456469,0.248852,0.575864,0.173747,0.285615,0.131576,0.185822,0.287421,0.257505,0.052891,4.140347,1.631796,1.100401,0.975019,0.764103,0.702592,0.649744,0.610350,0.593589,0.520077,0.541337,0.556931,0.557108,2.135084,1.197856,0.845458,0.652920,0.409115,0.307287,0.349238,0.340607,0.306324,0.239730,0.285633,0.336327,0.324509,1.353251,0.605492,0.306008,0.267424,0.203704,0.177064,0.150495,0.138331,0.129997,0.123070,0.116603,0.173667,0.124269,1,0
-48.026194,1.513327,-0.012308,0.586762,-0.218282,0.647430,0.039441,0.557046,0.590572,0.090445,-0.009677,-0.334978,-0.189455,3.559942,1.272957,1.120272,1.022459,1.014433,0.753019,0.714629,0.577092,0.599315,0.538590,0.569376,0.610604,0.571034,1.412037,0.732995,0.531090,0.589226,0.443445,0.435985,0.350949,0.290374,0.292602,0.266505,0.276554,0.376245,0.352359,0.881179,0.353962,0.293087,0.278022,0.237129,0.209374,0.198562,0.126480,0.125065,0.131351,0.132329,0.173897,0.155697,1,0
-48.955211,3.286511,-0.245528,1.162852,-0.170732,0.616902,0.005962,0.346560,0.171515,0.035336,0.097212,0.037753,-0.114816,3.372275,1.571629,1.143894,1.083974,0.749142,0.649220,0.617908,0.562846,0.558357,0.513028,0.513346,0.548901,0.544756,2.867591,1.097692,1.030373,0.707410,0.494475,0.358674,0.258047,0.355796,0.271304,0.358483,0.297387,0.379748,0.433785,1.415578,0.613240,0.324885,0.322538,0.202929,0.172464,0.160926,0.139942,0.142540,0.111047,0.136787,0.175490,0.159311,1,0
-50.026368,1.749089,0.879049,1.426919,0.232619,0.601714,0.166815,0.289169,0.127370,0.186338,0.279848,0.253341,0.048581,4.184763,1.684728,1.106272,0.955625,0.732818,0.677245,0.630275,0.580074,0.561536,0.503255,0.512701,0.537353,0.537280,2.167111,1.209579,0.834746,0.644701,0.393184,0.297607,0.342809,0.338130,0.302160,0.239512,0.288379,0.338667,0.320943,1.366204,0.634022,0.315314,0.262299,0.197542,0.156703,0.149415,0.135552,0.117322,0.118472,0.115134,0.169257,0.125670,1,0
-47.639105,3.705264,1.165924,0.813914,-0.362207,0.233694,-0.220284,0.429185,0.387095,0.237090,-0.076897,0.309095,0.108464,3.281627,1.465390,1.023201,0.833503,0.827787,0.621670,0.663817,0.556122,0.548689,0.543881,0.466930,0.483081,0.485636,1.953508,0.767974,0.775686,0.568130,0.459497,0.441306,0.521750,0.398317,0.398762,0.412470,0.265107,0.278300,0.342025,1.436468,0.444542,0.257197,0.238668,0.245280,0.162463,0.230848,0.170191,0.172124,0.145745,0.104641,0.145389,0.141341,1,0
-48.699523,3.188036,0.329987,2.220305,-0.390778,0.677683,-0.117900,0.795465,0.709640,-0.018960,-0.252618,-0.016581,0.095816,2.815684,1.473005,1.096574,1.146285,0.814772,0.702777,0.687870,0.644220,0.645213,0.534725,0.513399,0.516499,0.468611,1.315828,0.980195,0.622617,0.703808,0.439734,0.411381,0.431559,0.294250,0.352452,0.276534,0.293928,0.326210,0.275858,0.957558,0.488128,0.301007,0.329681,0.189466,0.154086,0.144943,0.150099,0.158246,0.138883,0.136180,0.154079,0.149235,1,0
-44.080913,3.254246,0.392675,1.007101,0.092891,0.534895,-0.356132,0.414353,0.450446,-0.099114,-0.219155,-0.475259,-0.607898,2.000069,1.050282,1.102310,0.841646,0.791976,0.738012,0.688845,0.644163,0.710452,0.714800,0.771976,0.775636,0.794357,0.836703,0.562429,0.574794,0.563724,0.419145,0.407489,0.353935,0.300738,0.340222,0.387012,0.492908,0.479372,0.501493,0.483554,0.280212,0.277703,0.188287,0.160073,0.168959,0.147375,0.147540,0.195165,0.192202,0.213115,0.189681,0.207656,1,0
-50.389838,6.203713,-0.167634,0.803494,0.024793,-0.067916,-0.125472,0.151847,0.102102,0.318509,0.251031,0.244117,0.022768,1.694608,0.996930,0.659197,0.661725,0.524383,0.569630,0.487602,0.495588,0.501942,0.457388,0.454965,0.433549,0.449587,1.822803,0.850370,0.509321,0.712158,0.457990,0.608885,0.418099,0.499935,0.428252,0.368018,0.379321,0.338186,0.422465,0.654673,0.332440,0.198540,0.228500,0.148575,0.166373,0.144940,0.127877,0.141314,0.125035,0.114409,0.129540,0.143403,1,0
-49.392058,1.855588,-0.534364,0.298804,-0.601464,0.130354,0.046147,-0.115959,0.401272,-0.508728,-0.544129,-0.620603,-0.791438,3.442747,1.113576,0.964854,0.766544,0.751041,0.582218,0.600526,0.663868,0.610141,0.597342,0.604794,0.665448,0.824538,3.894394,1.332816,0.861782,0.609006,0.561270,0.488628,0.468514,0.615821,0.776360,0.639579,0.686578,0.550660,0.966458,1.682020,0.456632,0.388617,0.256572,0.269887,0.183403,0.173014,0.202961,0.188383,0.163721,0.204843,0.216512,0.305788,1,0
-50.225661,4.408524,0.430480,0.888601,0.544277,0.175134,-0.287781,0.261688,0.306945,-0.316699,-0.068569,-0.181642,-0.239729,2.614630,1.052777,0.847979,0.623405,0.521276,0.479420,0.499650,0.471689,0.506711,0.497490,0.459622,0.440845,0.434987,2.541967,1.176719,0.897954,0.795240,0.372305,0.534219,0.398937,0.523811,0.380893,0.516202,0.346274,0.430459,0.264503,1.149482,0.412456,0.272140,0.198604,0.166891,0.131868,0.122993,0.141005,0.140604,0.135608,0.119228,0.121012,0.102281,1,0
-48.312197,4.861574,1.230747,0.681684,0.275712,0.600590,-0.046145,0.097644,0.421651,-0.022997,0.426829,0.107243,0.368704,2.172122,1.265663,1.019143,0.753609,0.656097,0.567122,0.568211,0.557458,0.511799,0.516197,0.501593,0.509649,0.518568,2.691009,1.093078,1.089120,0.679748,0.695476,0.457648,0.512147,0.566915,0.482120,0.436033,0.458371,0.411352,0.587254,0.761090,0.417943,0.305236,0.250045,0.197624,0.168146,0.159230,0.149963,0.142242,0.142321,0.137693,0.167731,0.185836,1,0
-48.301663,2.105503,0.444517,1.206032,0.383335,0.480751,0.149316,0.200628,0.077471,-0.170885,-0.009603,-0.045141,-0.076090,2.484541,1.216840,0.929660,0.742786,0.682825,0.548035,0.572114,0.511214,0.508337,0.551081,0.529524,0.559880,0.543370,1.455928,0.878210,0.701218,0.525099,0.384472,0.270237,0.311185,0.314005,0.301485,0.407662,0.399888,0.433467,0.484819,0.770567,0.377848,0.295984,0.200770,0.208679,0.150460,0.170482,0.135791,0.165950,0.166084,0.179848,0.219735,0.193803,1,0
-46.492715,2.979311,0.248010,1.045007,-0.077643,0.641894,-0.035958,0.366800,0.389342,-0.019402,0.019018,0.127929,-0.093409,3.029344,1.485677,1.207443,0.968270,0.830105,0.643833,0.595501,0.564982,0.515781,0.521657,0.503849,0.512503,0.492054,1.590958,0.887623,0.799743,0.605358,0.477246,0.350715,0.296687,0.286299,0.285478,0.240820,0.327703,0.295874,0.310022,1.021614,0.461775,0.338380,0.332149,0.286345,0.146400,0.153862,0.135279,0.134250,0.137586,0.140639,0.146509,0.146143,1,0
-46.397282,3.424030,0.091240,1.434229,0.093621,0.236013,0.081768,0.277372,-0.061101,0.078445,0.004402,0.017093,0.107671,2.442195,1.092423,0.722869,0.558912,0.524516,0.489455,0.527632,0.466122,0.450203,0.417263,0.404014,0.404765,0.379221,1.407753,0.655453,0.471731,0.400929,0.324332,0.326826,0.268066,0.238050,0.260535,0.165619,0.179060,0.189607,0.141999,0.766039,0.380800,0.188037,0.130111,0.119908,0.113317,0.128723,0.104951,0.107533,0.080618,0.080196,0.080404,0.074168,1,0
-50.121370,3.513071,0.837651,0.919414,-0.124732,0.071167,0.158558,-0.060897,-0.079311,-0.259137,-0.084543,-0.051189,-0.018901,2.689013,1.122055,0.900405,0.784245,0.703247,0.546871,0.487388,0.512931,0.490764,0.485411,0.458488,0.458569,0.442965,5.305461,1.863430,0.825367,0.648755,0.668351,0.368506,0.309976,0.391167,0.410325,0.307717,0.443682,0.418489,0.365602,1.408969,0.526622,0.249950,0.248355,0.185476,0.168131,0.117775,0.136724,0.109285,0.098082,0.112914,0.107539,0.099747,1,0
-48.301663,2.105503,0.444517,1.206032,0.383335,0.480751,0.149316,0.200628,0.077471,-0.170885,-0.009603,-0.045141,-0.076090,2.484541,1.216840,0.929660,0.742786,0.682825,0.548035,0.572114,0.511214,0.508337,0.551081,0.529524,0.559880,0.543370,1.455928,0.878210,0.701218,0.525099,0.384472,0.270237,0.311185,0.314005,0.301485,0.407662,0.399888,0.433467,0.484819,0.770567,0.377848,0.295984,0.200770,0.208679,0.150460,0.170482,0.135791,0.165950,0.166084,0.179848,0.219735,0.193803,1,0
-43.730300,4.010520,-0.952138,0.394238,-0.296893,0.252627,0.082596,0.184775,0.024031,-0.162963,-0.148644,-0.072144,-0.099292,1.840716,0.856588,0.694423,0.615398,0.532431,0.517322,0.459197,0.473674,0.481992,0.435611,0.441669,0.406842,0.412864,1.552289,1.067147,0.559721,0.496688,0.452663,0.381426,0.295308,0.309068,0.308241,0.229816,0.267018,0.259764,0.265431,0.918019,0.318952,0.203718,0.161359,0.149763,0.135504,0.106323,0.102483,0.113076,0.083005,0.097200,0.094913,0.083792,1,0
-45.520373,3.329980,0.603203,0.473131,-0.059068,0.584988,0.300027,0.249473,0.231665,0.058428,0.188813,0.090533,-0.057133,2.212462,1.102324,0.875556,0.790740,0.659164,0.570205,0.557056,0.519036,0.516903,0.507696,0.448073,0.431056,0.452297,1.831950,0.498247,0.510512,0.565347,0.429528,0.393904,0.370177,0.298369,0.393708,0.376436,0.299629,0.283494,0.346109,0.625816,0.305682,0.265913,0.246824,0.206952,0.159265,0.164414,0.126357,0.123976,0.131136,0.109915,0.098339,0.110059,1,0
-49.998798,4.273593,1.259420,1.223754,0.112259,0.172379,-0.395153,0.135859,0.199672,0.138514,0.426468,-0.181794,0.017191,2.836825,1.448000,1.063909,0.944766,0.845233,0.684600,0.701981,0.601492,0.556678,0.569134,0.527042,0.510964,0.485436,1.778392,1.203480,0.847037,0.880995,0.658979,0.464453,0.546008,0.361481,0.452735,0.463795,0.412066,0.367268,0.377739,0.967025,0.527989,0.310243,0.297911,0.234258,0.230880,0.191609,0.161601,0.161461,0.185418,0.142377,0.159979,0.143860,1,0
-48.813496,2.236726,1.366463,1.755576,-0.178356,0.659617,0.074326,0.327521,0.448907,0.123920,0.353019,-0.090634,0.087207,2.565697,1.234848,0.833127,0.839552,0.680187,0.642822,0.553175,0.521020,0.495440,0.566103,0.474261,0.487752,0.456190,1.490428,0.783024,0.586604,0.748836,0.504932,0.479235,0.428964,0.282826,0.340837,0.418734,0.324676,0.322335,0.323165,0.883101,0.369284,0.257770,0.249236,0.224785,0.171919,0.149270,0.125064,0.119729,0.163492,0.139120,0.132733,0.142992,1,0
-47.481090,2.516023,0.602242,0.944337,0.373662,0.651405,0.212037,0.190459,0.292432,0.136979,0.017820,0.036021,0.270997,2.837608,1.249981,0.910216,0.881790,0.672183,0.608598,0.641110,0.496065,0.521556,0.471553,0.475967,0.463459,0.463334,2.997313,0.962510,0.700000,0.763418,0.546266,0.467073,0.434799,0.327375,0.397389,0.269183,0.229024,0.357835,0.344845,1.489728,0.422636,0.263520,0.304956,0.180281,0.168626,0.200005,0.137875,0.131931,0.117606,0.118637,0.131147,0.136963,1,0
-47.592237,2.170815,0.294350,0.694406,-0.016442,0.971947,0.150220,0.329480,0.312339,-0.030499,0.334316,-0.035667,-0.061325,3.849973,1.432666,0.989923,0.924353,0.713765,0.644370,0.588738,0.553801,0.532479,0.522587,0.528815,0.531932,0.543363,2.182550,0.894511,0.685280,0.652818,0.373418,0.422548,0.366726,0.293254,0.330013,0.411093,0.407064,0.410308,0.440570,1.341724,0.460914,0.297075,0.352609,0.180633,0.167773,0.152904,0.155940,0.167534,0.132907,0.133370,0.177337,0.174962,1,0
-47.445463,3.041365,0.302985,1.491980,-0.244579,0.612705,-0.202517,0.410381,0.255790,0.057735,0.345156,-0.057397,0.122521,3.447194,1.429971,0.971515,0.937396,0.755493,0.672525,0.573102,0.551001,0.484477,0.475561,0.498338,0.469781,0.471897,1.872714,0.936677,0.717480,0.799930,0.564310,0.468307,0.356743,0.303031,0.274447,0.236888,0.315495,0.239131,0.210865,1.164469,0.487906,0.374509,0.335678,0.224284,0.237516,0.177171,0.155599,0.120191,0.102398,0.148972,0.114261,0.113791,1,0
-59.285792,5.136807,0.613653,1.826604,0.218396,0.657090,0.118242,0.232011,0.247081,-0.019702,0.298962,-0.015472,0.120425,3.497849,1.187984,0.855512,0.668969,0.608725,0.486991,0.518997,0.492801,0.466177,0.436706,0.435517,0.421179,0.415133,3.295183,1.065179,0.869955,0.675323,0.499813,0.348742,0.387409,0.378947,0.340681,0.324014,0.263977,0.285951,0.257902,1.693662,0.607331,0.295472,0.225579,0.167202,0.126865,0.132333,0.147450,0.108335,0.117953,0.096945,0.108813,0.099809,1,0
-47.391237,3.678206,0.112558,0.388946,0.268852,0.413884,0.013133,0.332898,0.245044,0.145273,0.006242,0.009044,0.022312,2.336144,0.987799,0.862499,0.852341,0.666779,0.566887,0.539792,0.496925,0.523236,0.481687,0.482671,0.544879,0.513408,2.036415,1.415439,0.924716,0.872122,0.600805,0.474014,0.441643,0.425491,0.348917,0.349078,0.404307,0.473863,0.469655,0.965972,0.392531,0.338228,0.300437,0.203395,0.163591,0.151031,0.127299,0.143269,0.104407,0.147330,0.177983,0.187152,1,0
-51.997308,5.452666,1.205534,0.958795,0.266294,0.053545,0.228513,-0.263164,0.307827,0.173145,0.397844,-0.000269,0.134579,2.566779,0.967073,0.840405,0.724334,0.619531,0.504517,0.500696,0.516257,0.447430,0.442561,0.463280,0.443647,0.404508,2.554081,0.814765,0.682484,0.778924,0.635341,0.418221,0.436151,0.480152,0.340305,0.347437,0.336658,0.351692,0.287366,0.830847,0.379225,0.283104,0.294843,0.173394,0.138954,0.159735,0.147959,0.093901,0.111967,0.124126,0.124199,0.079731,1,0
-48.843177,3.376806,1.031985,1.105348,0.303161,0.340023,0.181043,0.319463,0.110663,0.072938,0.131199,0.083485,-0.052726,1.990204,0.891266,0.680424,0.641118,0.591533,0.480130,0.471246,0.437792,0.502125,0.417885,0.430006,0.408764,0.389341,2.223820,0.879456,0.445618,0.485791,0.258360,0.255177,0.271555,0.193717,0.186615,0.195491,0.186151,0.217970,0.195408,0.520372,0.320543,0.179808,0.165223,0.133128,0.099129,0.106291,0.091008,0.117514,0.086117,0.085421,0.085666,0.093627,1,0
-50.034968,4.848940,1.151339,0.939296,-0.043940,0.440395,-0.277702,0.312027,0.219156,0.183164,0.107530,-0.087188,-0.032390,1.733551,0.901547,0.684757,0.678097,0.599906,0.519747,0.487644,0.516474,0.508946,0.477572,0.486750,0.512782,0.504483,1.424933,0.949636,0.744758,1.019254,0.748124,0.637754,0.470934,0.436484,0.570986,0.518885,0.404508,0.402334,0.423225,0.445743,0.276108,0.198734,0.219432,0.190361,0.137482,0.134523,0.146689,0.170296,0.121628,0.175589,0.178046,0.157592,1,0
-50.371454,4.028832,0.508386,1.496441,0.153383,0.460471,-0.182562,0.029256,0.064299,-0.023655,0.097277,0.180892,0.085187,2.602202,1.677896,1.000161,0.718621,0.690391,0.568694,0.524609,0.498227,0.496879,0.522750,0.455005,0.450778,0.450150,2.064490,1.658545,0.838639,0.682747,0.464968,0.416090,0.365681,0.355034,0.365634,0.421043,0.296710,0.285944,0.388408,0.975869,0.655669,0.366616,0.176848,0.202026,0.209019,0.156493,0.136774,0.156969,0.157101,0.131982,0.109630,0.168094,1,0
-48.595165,3.304300,-0.837690,1.273577,-0.248802,0.199336,-0.219705,0.389541,-0.360663,-0.116291,-0.145863,0.253226,0.164778,3.633793,1.745831,1.197152,0.966981,0.826368,0.767790,0.680623,0.563562,0.625211,0.573474,0.531745,0.526486,0.552324,2.323788,1.053868,0.994989,0.705332,0.559736,0.475837,0.397533,0.388852,0.482816,0.479622,0.415357,0.371744,0.388075,1.841857,0.669194,0.396218,0.283173,0.240601,0.202540,0.177819,0.123973,0.170620,0.147088,0.143743,0.216981,0.191751,1,0
-47.426187,3.092872,0.653970,0.292641,-0.397921,0.406800,-0.200002,0.222369,0.013052,0.118218,-0.009163,-0.103970,-0.217369,1.925191,0.808868,0.609926,0.664487,0.606128,0.507853,0.500435,0.472433,0.434790,0.429226,0.432653,0.422258,0.425651,1.009506,0.608891,0.427789,0.711500,0.448452,0.375814,0.330940,0.322300,0.277702,0.291993,0.316568,0.253103,0.281523,0.520748,0.229345,0.178246,0.176895,0.173450,0.127694,0.129772,0.105699,0.081229,0.089176,0.087788,0.087331,0.111833,1,0
-47.375681,3.607663,1.086735,1.153723,0.466241,0.409308,0.287452,0.354920,0.325063,0.439089,0.217014,0.075051,-0.107170,1.742784,1.292267,0.831443,0.722236,0.595411,0.518498,0.538361,0.512043,0.432444,0.454516,0.411132,0.445360,0.441912,1.438922,0.892142,0.690127,0.648628,0.384835,0.330041,0.388738,0.409288,0.251163,0.324958,0.283265,0.281494,0.307491,0.534392,0.410358,0.298986,0.250333,0.187652,0.143401,0.167956,0.142780,0.095461,0.125166,0.087565,0.107699,0.107292,1,0
-47.509183,2.973022,0.720813,0.948137,-0.248761,0.619954,0.045267,0.709052,0.164220,0.224046,0.171514,-0.050227,-0.022279,3.662919,1.337025,0.885491,0.921542,0.871732,0.708097,0.614298,0.557652,0.539627,0.491964,0.525788,0.455398,0.470909,3.686949,1.230206,0.614358,0.781696,0.750081,0.567097,0.426309,0.345515,0.366737,0.339707,0.339572,0.276515,0.294602,1.716261,0.503254,0.263829,0.278681,0.291159,0.196213,0.177295,0.174818,0.152342,0.138889,0.144611,0.125495,0.130359,1,0
-47.543658,2.917263,1.017317,1.120916,-0.247537,0.539564,-0.110089,0.401198,-0.001793,0.237068,0.137393,-0.074207,0.034411,3.379025,1.323184,0.889885,0.822697,0.884844,0.638987,0.604826,0.568041,0.508100,0.506837,0.485093,0.499621,0.508833,3.308060,1.207795,0.752987,0.827497,0.733484,0.412163,0.329206,0.382872,0.289900,0.332151,0.303699,0.543298,0.462545,1.374773,0.631632,0.314583,0.237718,0.334923,0.187070,0.222935,0.166723,0.137830,0.140008,0.144345,0.176930,0.197995,1,0
-47.173788,3.596900,1.078977,1.140377,0.461716,0.419949,0.260122,0.356718,0.316534,0.448969,0.185665,0.080897,-0.101604,1.740764,1.265311,0.823357,0.735726,0.603237,0.505089,0.526771,0.493663,0.421260,0.438029,0.402162,0.427193,0.418947,1.407081,0.876020,0.686748,0.665690,0.380952,0.326344,0.393512,0.412545,0.255527,0.328347,0.289973,0.281673,0.293117,0.531592,0.412694,0.292405,0.247613,0.188096,0.139151,0.169499,0.139686,0.090256,0.116615,0.086828,0.111292,0.099385,1,0
-45.400869,2.434620,0.485849,1.008110,0.505778,0.445750,-0.085010,0.363302,0.238779,0.148762,0.095710,0.097979,-0.012920,2.770901,1.084957,0.985343,0.739229,0.828521,0.588111,0.532449,0.481768,0.441606,0.409777,0.430003,0.431827,0.443668,1.668254,0.933320,0.700814,0.664414,0.555534,0.382768,0.286653,0.285955,0.252849,0.220781,0.307412,0.273500,0.326982,0.912084,0.433322,0.385661,0.253338,0.268232,0.159233,0.120491,0.106772,0.089309,0.089363,0.089564,0.102191,0.122500,1,0
-46.383703,2.773574,0.225812,0.512969,0.150049,0.126044,-0.117856,0.422859,-0.157155,-0.086709,0.319105,0.195632,-0.069265,2.135209,0.996145,0.838345,0.725558,0.622674,0.638398,0.594975,0.549934,0.508921,0.504481,0.472593,0.457050,0.454598,2.030533,0.943598,0.955697,0.586357,0.561007,0.441032,0.453832,0.382437,0.306430,0.345992,0.325498,0.195008,0.221461,0.637786,0.335020,0.248736,0.210572,0.166346,0.158737,0.149106,0.133411,0.114014,0.126995,0.107816,0.094655,0.089505,1,0
-45.828287,3.178774,0.685667,0.462815,0.633255,0.529911,0.153860,0.362615,0.209221,-0.099810,-0.180022,-0.139721,0.100938,1.688367,0.888154,0.741526,0.605835,0.569692,0.514068,0.496523,0.455577,0.475908,0.458269,0.447248,0.440380,0.443730,0.989252,0.721290,0.686400,0.611917,0.394405,0.417651,0.271912,0.339309,0.414695,0.439808,0.529550,0.337098,0.432763,0.409104,0.211728,0.180471,0.165849,0.148132,0.109339,0.109957,0.096696,0.102852,0.114710,0.122742,0.102626,0.118498,1,0
-46.002823,4.209943,-0.404089,1.252663,-0.082420,0.437143,0.007193,0.584387,0.026532,-0.076939,-0.437554,-0.075863,-0.165060,1.541644,0.920772,0.710223,0.628052,0.572890,0.482617,0.486182,0.486101,0.454061,0.468136,0.484021,0.458084,0.441458,2.058634,0.855736,0.590244,0.605893,0.483909,0.455208,0.373071,0.374197,0.419554,0.461766,0.524345,0.347539,0.503667,0.575720,0.389827,0.293210,0.204265,0.171196,0.124316,0.142810,0.127086,0.118905,0.125879,0.139888,0.148387,0.129931,1,0
-46.836354,4.629192,1.612773,0.971873,0.207048,0.793281,0.114121,0.712959,0.552967,0.250773,0.362230,0.134011,0.026644,2.325537,1.302504,0.792203,0.749075,0.591943,0.549631,0.534226,0.532458,0.454928,0.436855,0.462426,0.427134,0.451395,1.984904,1.148938,0.937851,0.656787,0.481107,0.429355,0.416719,0.421120,0.306316,0.376649,0.382900,0.319121,0.392076,0.949854,0.567505,0.283652,0.253021,0.194905,0.166507,0.139348,0.140592,0.107092,0.121695,0.147611,0.113682,0.155554,1,0
-47.833292,3.632627,1.102672,0.839833,0.089734,0.436936,0.201303,0.740499,0.290936,0.253478,-0.364184,-0.205647,-0.204343,2.139790,1.173418,0.815179,0.732894,0.604282,0.528032,0.534933,0.517375,0.480151,0.447852,0.457511,0.476530,0.492495,2.166336,0.972369,0.787913,0.922893,0.658983,0.435158,0.533389,0.419634,0.392202,0.472173,0.520764,0.664049,0.639949,0.858023,0.407747,0.230148,0.248493,0.208559,0.146750,0.147229,0.148654,0.130083,0.110357,0.140354,0.158740,0.159654,1,0
-52.647561,3.355196,1.244777,0.977447,0.257492,0.714898,0.002708,0.170246,0.425500,-0.102218,0.209865,-0.114657,0.165512,3.569990,1.353023,1.060445,0.970914,0.797590,0.712199,0.601030,0.511791,0.518231,0.425016,0.436589,0.447001,0.451566,2.442888,0.754224,0.962802,0.844720,0.580546,0.491291,0.484301,0.347706,0.330237,0.253949,0.316052,0.256031,0.307382,1.343425,0.417880,0.313969,0.292310,0.238375,0.213906,0.174701,0.125747,0.138712,0.094423,0.123729,0.156774,0.148733,1,0
-46.483346,2.493015,0.103177,0.224595,0.241409,0.547752,-0.135806,0.072271,0.180907,-0.193143,-0.026096,0.183973,0.204304,2.785816,0.937737,0.819987,0.611444,0.513505,0.569290,0.535882,0.529595,0.530649,0.549710,0.517978,0.572178,0.543242,2.533404,0.943236,1.139198,0.593043,0.324823,0.500325,0.366753,0.542275,0.492898,0.554245,0.566840,0.554565,0.415325,1.239150,0.342662,0.347406,0.174967,0.142886,0.196628,0.162019,0.162376,0.151735,0.204808,0.207311,0.276702,0.223781,1,0
-51.377703,5.350224,0.906565,1.034400,0.209505,0.540009,-0.303232,0.424628,0.354427,-0.118108,0.154299,-0.153749,0.141088,2.775382,1.091011,0.785918,0.711225,0.629040,0.620827,0.561852,0.490769,0.464379,0.462432,0.460893,0.456104,0.436773,2.464770,0.870704,0.693803,0.584689,0.436006,0.576730,0.538973,0.341918,0.333357,0.309565,0.348779,0.362229,0.366065,1.233005,0.372653,0.265744,0.228493,0.198716,0.232402,0.205382,0.132916,0.101214,0.128866,0.115515,0.124572,0.123496,1,0
-47.298062,1.332040,0.160899,1.708819,-0.178252,0.467334,0.000792,0.595056,-0.060684,0.195790,0.259498,0.252740,0.087377,0.775387,0.486397,0.474917,0.514254,0.466952,0.416260,0.427878,0.440506,0.418595,0.394822,0.384492,0.409106,0.370611,0.595868,0.291868,0.305056,0.623244,0.344451,0.251824,0.304463,0.250177,0.273585,0.222644,0.209427,0.239539,0.236539,0.297828,0.125281,0.115708,0.139933,0.109014,0.095182,0.094766,0.115204,0.105846,0.086809,0.074124,0.087624,0.077831,0,1
-48.821481,1.764871,-0.083813,1.626173,0.276883,0.410927,0.617045,0.242765,0.058901,0.429627,-0.077230,0.191152,0.197969,0.897854,0.549082,0.513683,0.459855,0.442704,0.462587,0.426018,0.409135,0.397060,0.402142,0.404411,0.385051,0.362167,1.063776,0.390346,0.467561,0.550773,0.492325,0.379831,0.355517,0.310117,0.385365,0.279446,0.286602,0.267955,0.317258,0.283105,0.125252,0.132614,0.136491,0.114682,0.105271,0.075045,0.087708,0.080593,0.080291,0.085063,0.086476,0.087973,0,1
-46.352508,3.513586,-0.281235,1.265044,-0.449221,0.010787,-0.236814,0.446696,0.280449,0.399238,-0.063988,-0.038142,-0.062657,1.197211,0.550098,0.582382,0.673363,0.497312,0.477798,0.422802,0.416839,0.391858,0.391558,0.387292,0.405101,0.383251,1.257467,0.468900,0.679281,0.830909,0.413222,0.439957,0.234035,0.312763,0.274347,0.364442,0.207026,0.231489,0.215716,0.450329,0.172569,0.201611,0.258638,0.119359,0.126336,0.096495,0.094308,0.093994,0.090113,0.080843,0.089830,0.078786,0,1
-45.952867,1.331569,-0.867105,1.089173,0.067879,0.704486,0.232707,0.142631,0.168403,0.513963,0.069396,0.300505,0.087157,1.036291,0.639306,0.693716,0.526558,0.501317,0.521793,0.467504,0.443118,0.414676,0.427095,0.421200,0.420876,0.431258,0.778642,0.556763,0.588646,0.354746,0.369750,0.474896,0.361037,0.376550,0.236117,0.272446,0.217560,0.221620,0.316403,0.339519,0.169983,0.266818,0.145501,0.117381,0.134550,0.113650,0.102461,0.099496,0.105141,0.097666,0.096768,0.107222,0,1
-51.069242,1.005796,-0.090637,1.499340,-0.152743,-0.020102,0.457162,0.241847,0.160735,0.317228,0.208945,0.202105,0.122746,1.209210,0.713828,0.616409,0.635719,0.534993,0.518122,0.478879,0.454846,0.444576,0.429865,0.425066,0.376285,0.377737,1.414766,0.425185,0.390466,0.405225,0.258219,0.279088,0.272171,0.214574,0.163377,0.169994,0.165802,0.119773,0.150753,0.725316,0.185732,0.200189,0.198132,0.135192,0.122130,0.110567,0.096918,0.110491,0.098080,0.091580,0.084404,0.089667,0,1
-47.857881,2.670725,0.725472,1.873580,-0.142439,0.959855,-0.033757,0.148613,0.292368,0.580329,0.160203,0.306656,-0.005973,1.373798,0.601616,0.617649,0.620323,0.508937,0.492871,0.478428,0.445200,0.424378,0.435812,0.408458,0.412306,0.396423,1.023176,0.524240,0.409433,0.635685,0.336018,0.425397,0.352220,0.254239,0.300094,0.231253,0.267905,0.234049,0.221808,0.392647,0.149837,0.208956,0.185080,0.116261,0.107834,0.099338,0.094393,0.095266,0.086590,0.087212,0.097826,0.088181,0,1
-51.890490,1.568622,0.391618,1.108157,-0.700400,0.278040,0.416119,-0.001137,0.312744,0.378938,0.124740,0.344292,0.086061,1.248697,0.608298,0.633522,0.612368,0.590540,0.480935,0.485763,0.477383,0.467181,0.455219,0.451966,0.417331,0.413084,0.994730,0.748461,0.516179,0.510212,0.564647,0.419679,0.522010,0.397868,0.420952,0.398605,0.464195,0.326656,0.398263,0.590030,0.230817,0.265616,0.245882,0.241494,0.116206,0.137532,0.131364,0.120342,0.115960,0.111519,0.109571,0.101108,0,1
-50.404422,1.667570,-0.084762,1.902245,-0.262641,0.293889,0.617615,0.200872,-0.102762,0.192178,0.148953,0.108050,0.175292,0.967387,0.687998,0.642434,0.486737,0.504674,0.437499,0.439366,0.418878,0.393840,0.395293,0.391869,0.375084,0.379990,0.462987,0.367396,0.390804,0.250932,0.334921,0.164917,0.160940,0.148674,0.140312,0.163725,0.150291,0.134387,0.173769,0.327235,0.207752,0.192272,0.134374,0.117229,0.089015,0.087582,0.077257,0.074138,0.073200,0.078323,0.070819,0.065512,0,1
-52.754128,2.565879,-0.101048,1.030827,-0.184400,0.554164,0.082626,0.260338,0.173173,0.276265,0.529140,0.235512,-0.092031,1.556844,0.773270,0.659088,0.579888,0.535420,0.416110,0.528995,0.422333,0.429220,0.400894,0.424345,0.405172,0.400901,1.405366,0.790616,0.685676,0.429313,0.481559,0.315484,0.491322,0.395174,0.275569,0.283895,0.285828,0.258478,0.307053,0.682259,0.274175,0.191700,0.183778,0.166407,0.093386,0.190483,0.124713,0.109255,0.122731,0.120904,0.109283,0.123633,0,1
-43.728282,3.411849,1.696391,0.643712,-0.189680,0.557089,-0.197263,0.578466,-0.218592,0.173577,-0.259661,0.032690,0.006821,1.025085,0.696793,0.568886,0.609309,0.470459,0.499135,0.448230,0.428038,0.449241,0.404866,0.388571,0.369542,0.359166,0.877128,0.511035,0.463462,0.533684,0.308541,0.324420,0.225032,0.208448,0.248004,0.183615,0.190819,0.205785,0.145262,0.324880,0.186972,0.145786,0.199443,0.111477,0.138924,0.100283,0.101652,0.099184,0.084579,0.079550,0.063706,0.057555,0,1
-47.180105,1.175916,1.599973,1.941766,-0.353627,0.612288,0.028741,0.378190,-0.073198,0.450585,-0.055571,0.224869,0.097904,1.019594,0.695129,0.509077,0.674320,0.658614,0.469447,0.466806,0.426889,0.436897,0.399453,0.394580,0.354763,0.357267,0.824028,0.612643,0.300026,0.648133,0.517940,0.358179,0.315508,0.259697,0.319629,0.209007,0.168437,0.148463,0.151312,0.349966,0.218497,0.124593,0.228432,0.169762,0.116720,0.090669,0.082599,0.096361,0.071543,0.079870,0.067532,0.062718,0,1
-43.216028,1.860811,0.383310,2.073513,-0.652130,0.476472,0.703212,-0.217282,0.103377,0.203791,0.070286,0.173189,-0.244779,0.610858,0.494293,0.471205,0.439390,0.439476,0.430530,0.415408,0.396798,0.377602,0.389897,0.392031,0.389985,0.391831,0.721229,0.602155,0.437303,0.470783,0.468077,0.322120,0.234969,0.229324,0.235821,0.241163,0.218457,0.219287,0.231379,0.293186,0.129828,0.142028,0.136984,0.112778,0.096044,0.101186,0.064847,0.071066,0.089275,0.092150,0.086891,0.090385,0,1
-47.229232,0.877791,-0.542756,1.821617,-0.555770,0.004431,0.544569,0.450095,0.157190,0.407239,0.204193,0.331214,0.036753,0.940526,0.583204,0.569510,0.580596,0.484868,0.482807,0.456738,0.443143,0.417269,0.409176,0.383340,0.379432,0.370293,0.874442,0.669919,0.483138,0.533385,0.309151,0.374458,0.237638,0.231450,0.215569,0.216708,0.226221,0.226583,0.176803,0.236235,0.156290,0.184025,0.189983,0.114422,0.123748,0.102371,0.095360,0.096248,0.088474,0.077005,0.068347,0.086376,0,1
-48.781955,0.519889,-0.078961,1.828125,-0.447238,-0.040452,0.538247,0.258013,0.080927,0.337382,0.204978,0.203369,0.073297,1.121428,0.675880,0.589293,0.602041,0.522887,0.508027,0.473469,0.439642,0.429901,0.414526,0.418755,0.375877,0.371913,1.401218,0.432128,0.415337,0.408942,0.265573,0.244104,0.281966,0.221433,0.165302,0.185372,0.165215,0.122476,0.163699,0.729927,0.173421,0.176954,0.203101,0.133149,0.113056,0.114099,0.096440,0.108705,0.091704,0.088926,0.074195,0.082347,0,1
-49.874107,0.375727,-0.433590,2.162069,-0.304810,0.380377,0.421555,0.476388,0.422402,0.700379,0.283516,0.313879,0.035405,1.008779,0.562982,0.459894,0.488984,0.448362,0.437769,0.425041,0.387020,0.377001,0.383313,0.388657,0.365265,0.358070,2.001076,0.537046,0.413905,0.493816,0.336301,0.413835,0.293399,0.248735,0.218652,0.309065,0.256254,0.260533,0.281044,0.914348,0.251262,0.119266,0.187305,0.144852,0.117280,0.114928,0.082227,0.084938,0.078105,0.084627,0.085695,0.069579,0,1
-48.327410,1.251015,1.800381,2.335711,0.107933,0.709902,0.209300,0.171777,-0.069804,0.325054,-0.118044,0.141487,0.076064,0.983208,0.613907,0.471605,0.653160,0.562667,0.461198,0.451864,0.405177,0.407570,0.382023,0.377251,0.362805,0.345776,0.926300,0.578533,0.342222,0.596220,0.412556,0.359795,0.270625,0.187014,0.254622,0.178812,0.176672,0.148004,0.132119,0.280774,0.196462,0.122091,0.236850,0.176692,0.111960,0.105944,0.077636,0.077218,0.071421,0.070337,0.063068,0.070318,0,1
-41.996549,1.539251,-0.922432,1.364434,-0.286797,0.074046,0.607539,0.314062,0.229817,0.249213,0.099039,-0.176019,-0.117230,0.978511,0.668734,0.761618,0.657829,0.549377,0.506300,0.516124,0.475723,0.464245,0.460489,0.430030,0.469900,0.431470,0.560932,0.486199,0.482200,0.587632,0.489684,0.292144,0.321176,0.278710,0.287007,0.246596,0.175818,0.230913,0.166774,0.310643,0.189964,0.242612,0.185582,0.160988,0.111494,0.117735,0.106569,0.113605,0.099930,0.084026,0.100445,0.076350,0,1
-48.321638,1.634026,0.785016,2.085653,0.093400,0.220035,0.175085,0.291404,0.310602,0.394028,0.365329,0.024426,0.084079,1.243672,0.677331,0.669216,0.583296,0.494338,0.483053,0.464193,0.427719,0.417371,0.423575,0.420161,0.408527,0.392256,0.754831,0.398127,0.475912,0.457240,0.205046,0.246334,0.179793,0.185146,0.200349,0.125059,0.154618,0.148183,0.142408,0.245017,0.191170,0.272278,0.188409,0.135870,0.132501,0.112004,0.088450,0.081148,0.081622,0.089356,0.074136,0.075404,0,1
-46.553353,2.232124,-1.801675,2.385870,-0.578067,0.516218,-0.261473,0.307130,-0.076536,0.198756,-0.117066,0.193542,-0.126757,1.001222,0.905668,0.710120,0.628842,0.544119,0.461748,0.484822,0.436422,0.448421,0.414258,0.409151,0.411581,0.367944,0.827132,0.772878,0.657771,0.559087,0.288090,0.315591,0.271084,0.259539,0.231976,0.212507,0.211080,0.170726,0.171633,0.362721,0.311461,0.219519,0.176467,0.133573,0.094533,0.099153,0.080110,0.091753,0.074482,0.069136,0.074361,0.078381,0,1
-49.017961,1.745540,0.792063,2.124019,-0.032947,0.216016,0.219525,0.340082,0.375841,0.334434,0.365545,-0.008881,0.117088,1.755442,0.727043,0.701510,0.672039,0.508879,0.483093,0.485673,0.427575,0.413950,0.403814,0.379606,0.411205,0.388296,2.414638,0.623203,0.510835,0.496774,0.315331,0.186143,0.207567,0.182564,0.166933,0.165211,0.174343,0.175294,0.180572,1.088628,0.184408,0.263271,0.228942,0.132192,0.113591,0.101819,0.098241,0.086038,0.096108,0.074598,0.072373,0.086065,0,1
-48.256947,1.780181,0.891211,2.134960,0.120069,0.148750,0.037126,0.301265,0.371988,0.494061,0.416280,0.014130,0.081351,1.284607,0.700141,0.594004,0.566419,0.463730,0.462620,0.442844,0.392659,0.416269,0.406793,0.409431,0.407590,0.384794,1.538948,0.717991,0.475733,0.376387,0.278999,0.275135,0.292471,0.247845,0.223093,0.219994,0.171815,0.188525,0.203195,0.664012,0.220313,0.226814,0.205312,0.130993,0.107712,0.107520,0.087389,0.102999,0.099348,0.091752,0.078974,0.077799,0,1
-47.974843,0.635177,-0.078794,1.345784,-0.029895,0.475407,0.271872,0.289703,0.139044,0.475000,0.226526,0.327717,0.101740,1.027321,0.477850,0.606389,0.496452,0.506367,0.476469,0.433704,0.430000,0.418009,0.402222,0.402938,0.396736,0.397251,0.941019,0.556512,0.584710,0.476904,0.403700,0.407437,0.276149,0.302113,0.268794,0.274871,0.351284,0.293639,0.269874,0.341060,0.115911,0.229968,0.122859,0.134522,0.125508,0.094170,0.095906,0.081787,0.088931,0.094034,0.084637,0.090297,0,1
-45.860546,3.783129,1.866631,1.954612,-0.739176,-0.209362,0.071454,0.208020,-0.443380,0.363112,0.502108,-0.127817,0.274852,1.322374,0.679058,0.597017,0.500674,0.559721,0.488621,0.470829,0.440508,0.450910,0.399551,0.382016,0.390577,0.377114,1.208382,0.588469,0.428620,0.355314,0.392511,0.288613,0.315294,0.239862,0.232784,0.248572,0.215060,0.211502,0.172557,0.401231,0.192582,0.186487,0.161131,0.134033,0.110033,0.127318,0.108651,0.104239,0.078009,0.080231,0.088180,0.075545,0,1
-46.021463,1.501322,0.378175,1.435442,-0.787505,0.968678,0.243101,0.743035,0.021076,0.525023,0.416337,0.640580,-0.032429,1.196496,0.638737,0.575411,0.469552,0.459369,0.428714,0.400833,0.392308,0.395182,0.397546,0.383837,0.378961,0.344240,0.852253,0.655969,0.539843,0.222987,0.375091,0.280703,0.209809,0.277658,0.188021,0.326525,0.171276,0.190809,0.155181,0.416148,0.197707,0.140455,0.108720,0.088586,0.088590,0.078660,0.079637,0.080696,0.077402,0.070857,0.083558,0.071667,0,1
-44.454972,2.320646,-0.122033,1.449220,0.138692,0.523942,0.308883,0.134356,-0.021177,0.216184,0.111493,0.201424,0.223150,0.734676,0.614654,0.625848,0.536726,0.491149,0.509059,0.454406,0.439021,0.433466,0.425413,0.451428,0.450285,0.450659,0.777422,0.717259,0.365516,0.683712,0.262005,0.367188,0.318835,0.216994,0.250454,0.306769,0.252472,0.271585,0.266708,0.238177,0.188035,0.176522,0.157632,0.106375,0.126832,0.100808,0.089312,0.102283,0.092412,0.117641,0.103990,0.102022,0,1
-50.358836,1.958353,-0.046166,2.706715,-0.032696,0.738426,0.478563,0.302727,0.045743,0.375565,0.394295,0.372204,0.154756,2.076473,0.807624,0.942149,0.761289,0.658829,0.507974,0.473189,0.430239,0.442668,0.400765,0.421093,0.404640,0.410231,1.383091,0.657906,0.509746,0.680204,0.476213,0.281079,0.285111,0.172018,0.243333,0.199956,0.234819,0.260107,0.258215,0.874863,0.319414,0.310284,0.277848,0.162292,0.129969,0.110245,0.081781,0.099093,0.093744,0.096116,0.096870,0.108013,0,1
-46.633878,0.454572,0.076630,1.795485,0.049132,0.652798,0.352522,0.551035,0.063953,0.939104,-0.101215,0.724969,0.017349,0.972536,0.570402,0.486375,0.452269,0.490361,0.458937,0.436174,0.408066,0.448170,0.413967,0.460621,0.430272,0.430334,0.746000,0.515833,0.283160,0.239882,0.398617,0.347834,0.297880,0.214754,0.356163,0.301550,0.403440,0.307687,0.285330,0.493237,0.137288,0.120950,0.088187,0.092606,0.081927,0.093082,0.089364,0.102323,0.087140,0.105619,0.106579,0.097070,0,1
-45.797818,2.526040,-0.347867,1.588576,0.233716,0.411411,0.400062,0.524094,0.274943,0.190115,0.287782,0.198613,0.087657,1.373249,0.620629,0.588410,0.635214,0.547562,0.499087,0.507097,0.451872,0.458824,0.452829,0.420920,0.426286,0.420824,1.184411,0.528024,0.272046,0.492532,0.387890,0.312530,0.312061,0.208088,0.193384,0.196300,0.172477,0.152708,0.178440,0.536495,0.176010,0.161884,0.229158,0.136227,0.129955,0.124764,0.099426,0.096394,0.112308,0.086814,0.085930,0.082436,0,1
-44.825791,2.278727,-0.491193,1.104834,-0.454458,-0.246214,-0.267751,0.322949,0.139259,0.166748,0.194556,-0.057689,0.065353,0.683691,0.559066,0.593242,0.513447,0.494761,0.445487,0.459885,0.403361,0.416928,0.388004,0.380610,0.387485,0.391501,0.449574,0.350024,0.602263,0.375879,0.384575,0.197485,0.212628,0.205220,0.175551,0.205436,0.194921,0.174351,0.179457,0.185758,0.145579,0.149438,0.118765,0.109866,0.098895,0.103834,0.079123,0.091980,0.080301,0.079650,0.096390,0.099548,0,1
-49.632317,2.023448,1.109568,0.710611,-0.029146,0.698977,0.332815,0.101376,0.215596,0.329431,-0.029340,0.150349,-0.007729,1.886028,0.816321,0.604679,0.612881,0.590993,0.522645,0.499946,0.474449,0.445875,0.446775,0.422049,0.396268,0.383125,1.179060,0.859841,0.479430,0.457856,0.480428,0.411778,0.296625,0.286794,0.320636,0.359918,0.263688,0.167154,0.263224,0.646467,0.286028,0.182631,0.185510,0.172842,0.135896,0.144901,0.116852,0.110348,0.095927,0.095913,0.089257,0.098489,0,1
-47.548762,4.680495,-0.030037,1.926269,0.454971,0.431994,0.026681,0.540124,0.157399,0.599591,0.305258,0.204974,0.077986,1.101165,0.996855,0.681421,0.488479,0.434229,0.424164,0.404023,0.381157,0.370349,0.390552,0.395098,0.374369,0.367891,1.392239,0.604912,0.242803,0.202036,0.337731,0.235843,0.219250,0.206536,0.225142,0.277446,0.274239,0.252070,0.220260,0.321188,0.280456,0.161585,0.099040,0.086644,0.098433,0.082903,0.077103,0.071655,0.084811,0.084605,0.073621,0.075045,0,1
-44.515742,2.839110,0.307620,1.282430,0.299824,0.572754,0.080414,0.451132,0.448341,0.242266,0.336915,-0.178720,0.070646,1.336241,0.755301,0.645384,0.683602,0.534383,0.511802,0.480572,0.440522,0.505777,0.449576,0.416081,0.409071,0.385967,0.934778,0.500631,0.436900,0.417337,0.364616,0.359761,0.294213,0.236643,0.270116,0.243522,0.214017,0.227250,0.170472,0.370152,0.255980,0.173042,0.202546,0.160728,0.138759,0.125576,0.090679,0.110173,0.105988,0.091482,0.082954,0.083007,0,1
-46.605035,2.609349,-0.278200,1.410600,-0.535114,0.951919,0.065577,0.065418,0.082021,0.291860,0.308712,0.133523,0.113020,1.235746,0.713102,0.753097,0.544916,0.607297,0.520819,0.470358,0.429661,0.433381,0.427133,0.445230,0.421520,0.407387,2.320417,0.527512,0.453731,0.408857,0.326026,0.456365,0.233985,0.369779,0.245654,0.233468,0.307095,0.242359,0.345141,0.860651,0.225364,0.245778,0.193992,0.164458,0.157904,0.117620,0.121535,0.115893,0.124078,0.108361,0.104352,0.097647,0,1
-45.318440,2.980098,-0.021680,2.420466,-0.645424,1.173842,-0.054100,1.105139,-0.268564,0.623910,0.096550,0.134794,0.110715,1.729584,0.709302,0.548589,0.556229,0.577938,0.474947,0.406347,0.424926,0.404534,0.374941,0.352336,0.373164,0.358934,1.449130,0.955631,0.532104,0.587970,0.439866,0.415720,0.269082,0.308435,0.217372,0.229111,0.137845,0.160514,0.140670,0.751943,0.251373,0.125119,0.156857,0.136170,0.121344,0.077535,0.089397,0.075845,0.072998,0.066010,0.074376,0.068920,0,1
-49.197886,2.568919,0.274658,0.882958,-0.328523,-0.072913,-0.223012,0.417800,0.149883,0.110430,-0.257606,-0.254327,-0.001458,1.749399,0.816244,0.788175,0.765688,0.603927,0.549855,0.523937,0.519369,0.511030,0.512888,0.490750,0.497000,0.509680,2.529721,0.806379,0.710517,1.127755,0.455252,0.318485,0.315859,0.354245,0.529444,0.582551,0.506937,0.515562,0.427318,0.981405,0.339598,0.334566,0.355458,0.169687,0.191855,0.184518,0.143905,0.188058,0.188176,0.153730,0.180130,0.162791,0,1
-43.137237,1.511399,-0.024453,1.310302,0.565819,0.280333,0.433564,0.449019,-0.082790,0.318573,0.406686,0.330550,0.022175,1.135682,0.646402,0.693210,0.523073,0.474710,0.460996,0.460452,0.439283,0.441904,0.424547,0.400343,0.399703,0.393509,1.734249,0.561261,0.681492,0.677642,0.342531,0.293170,0.203809,0.320402,0.253546,0.294410,0.194525,0.231543,0.190893,1.094844,0.261224,0.264415,0.178385,0.108000,0.102263,0.102309,0.097193,0.107311,0.108295,0.081648,0.088897,0.083834,0,1
-47.908723,1.893485,0.007604,1.605412,0.137098,0.370761,0.267322,0.247684,0.047582,0.280530,0.045804,0.041260,-0.066379,1.305858,0.590494,0.753536,0.554459,0.517204,0.477984,0.448125,0.457037,0.408401,0.430301,0.411525,0.406808,0.397833,0.778139,0.512473,0.537459,0.486563,0.276644,0.299066,0.242916,0.217281,0.254252,0.295958,0.229680,0.243261,0.241387,0.372029,0.175257,0.231433,0.158735,0.123492,0.111748,0.102889,0.097162,0.098158,0.109743,0.090743,0.088731,0.093515,0,1
-47.401072,3.413604,-0.418015,0.210155,-0.219724,0.254444,0.400142,0.496500,-0.115281,-0.027073,0.625404,0.675865,0.205318,0.800526,0.576588,0.504488,0.463857,0.451942,0.429735,0.447894,0.424079,0.426628,0.424631,0.411747,0.394016,0.373342,0.545273,0.480651,0.400063,0.323775,0.370797,0.272215,0.298892,0.294153,0.356819,0.321861,0.288359,0.352325,0.312360,0.223858,0.184714,0.150789,0.091568,0.103687,0.091045,0.101891,0.082002,0.101974,0.098465,0.092231,0.079483,0.069544,0,1
-50.378000,0.882130,0.064924,3.152877,0.503763,0.560785,0.729119,0.429703,-0.012333,0.641503,0.138138,0.176371,-0.218305,2.576070,0.828742,0.642155,0.602501,0.471204,0.482047,0.423708,0.417668,0.431764,0.402283,0.409527,0.390736,0.407817,4.642283,1.660897,0.981487,0.688666,0.352083,0.212822,0.302720,0.201994,0.327246,0.162628,0.297541,0.206185,0.409801,2.046568,0.340014,0.209657,0.174448,0.104347,0.100952,0.080586,0.095891,0.100394,0.080653,0.092807,0.075578,0.098848,0,1
-48.637104,3.091641,0.498686,1.499990,0.259753,0.724978,-0.143359,0.829663,0.154208,0.177392,0.243413,0.141158,0.069295,0.979387,0.554384,0.394071,0.425396,0.396606,0.369554,0.401971,0.399894,0.391971,0.379914,0.373741,0.345676,0.353175,3.516928,1.470997,0.791922,0.485714,0.308745,0.321171,0.414059,0.443679,0.374343,0.389436,0.331823,0.365018,0.274900,0.521684,0.177647,0.086661,0.090886,0.076096,0.079690,0.083682,0.097470,0.090722,0.095118,0.091134,0.075216,0.070804,0,1
-47.847285,1.726183,-0.941572,1.405871,0.126652,1.027699,0.434309,0.106194,0.326584,0.453138,0.211972,-0.006076,0.059449,1.405781,0.668680,0.765127,0.601867,0.577425,0.502877,0.460516,0.425902,0.435879,0.443140,0.432235,0.421723,0.429782,0.982094,0.479645,0.533465,0.418424,0.389068,0.316050,0.254718,0.214012,0.222387,0.249717,0.209430,0.254191,0.261501,0.358831,0.192243,0.210017,0.199167,0.190708,0.127549,0.127223,0.086582,0.094183,0.101446,0.090944,0.095741,0.117733,0,1
-48.718010,2.852281,-1.344141,2.156176,-0.084878,0.945474,0.548224,0.216084,0.397228,0.295971,0.401123,-0.223790,0.130324,1.495213,0.675171,0.735826,0.613806,0.571339,0.468918,0.486340,0.429497,0.454067,0.424036,0.429327,0.438816,0.412789,0.963753,0.561382,0.614506,0.610144,0.461192,0.280793,0.381073,0.310209,0.277381,0.215367,0.306262,0.335823,0.343516,0.620838,0.229454,0.247082,0.197935,0.174210,0.115417,0.139535,0.090875,0.115853,0.099751,0.097405,0.094610,0.098311,0,1
-48.320103,2.224881,-1.427712,1.599929,0.144744,0.413326,0.382218,0.384709,0.676064,0.619315,0.381755,-0.458436,-0.413170,1.203222,0.559356,0.603574,0.526279,0.495885,0.423119,0.411211,0.419769,0.415015,0.396803,0.435927,0.413040,0.411447,0.797644,0.489844,0.449043,0.412602,0.367167,0.403471,0.266727,0.384245,0.345847,0.343960,0.315114,0.355869,0.314160,0.412525,0.172874,0.177059,0.161246,0.149617,0.093662,0.088984,0.090875,0.092681,0.088431,0.101629,0.086730,0.100510,0,1
-49.700200,1.982993,-0.727028,2.050538,-0.137441,0.516508,0.184082,0.422330,0.185451,0.217001,0.216155,-0.319807,0.039534,2.063815,0.770160,0.840054,0.715943,0.664616,0.529300,0.564901,0.483334,0.501856,0.460836,0.460781,0.471187,0.430740,3.247451,0.647016,1.166329,0.777462,0.645261,0.404016,0.399545,0.341746,0.375477,0.369164,0.381963,0.437831,0.342101,1.414465,0.317668,0.328859,0.245778,0.243731,0.167096,0.174489,0.141326,0.140063,0.096641,0.110336,0.134813,0.118415,0,1
-48.394542,1.699186,-0.665915,1.560240,0.078838,0.807506,0.532356,0.639683,0.424452,0.365686,0.052152,-0.136763,0.236054,1.177741,0.659007,0.739841,0.596625,0.546402,0.485758,0.474273,0.418152,0.448305,0.433909,0.413560,0.416092,0.407890,1.137710,0.582721,0.638093,0.451545,0.407834,0.292346,0.299597,0.324225,0.247966,0.353714,0.338466,0.282250,0.315675,0.367108,0.215793,0.254312,0.183794,0.149997,0.131220,0.119434,0.101238,0.106836,0.101146,0.111630,0.113060,0.125471,0,1
-50.757109,2.588423,-0.579746,2.145192,-0.283930,0.868416,0.386713,0.276861,0.261477,0.360865,0.286375,-0.452568,0.088530,1.895573,0.862263,0.825734,0.701633,0.564246,0.538865,0.561346,0.458698,0.469062,0.479530,0.467723,0.470360,0.444247,3.907638,0.848126,1.013004,0.675570,0.512044,0.482775,0.527723,0.366674,0.411629,0.476531,0.378479,0.496862,0.430565,1.390150,0.542167,0.426445,0.327378,0.267202,0.219730,0.222861,0.146237,0.188822,0.169318,0.167966,0.181857,0.137011,0,1
-43.566722,1.776296,0.397817,1.512457,-0.024101,0.095183,-0.165702,0.282614,-0.223632,0.162959,0.143827,0.141376,0.092826,0.843246,0.497965,0.503208,0.536354,0.456205,0.467420,0.425819,0.409929,0.408554,0.401215,0.391097,0.400767,0.359228,0.709445,0.360953,0.368437,0.426632,0.252867,0.292784,0.199629,0.231211,0.236457,0.219161,0.209422,0.193725,0.170153,0.222964,0.129468,0.131023,0.163691,0.106153,0.115920,0.080236,0.082928,0.091041,0.108929,0.088968,0.082208,0.078020,0,1
-43.638731,1.419529,0.417221,1.619856,-0.254572,0.456818,-0.339645,0.284270,-0.065063,0.201838,0.343635,0.140877,0.150649,0.854478,0.518800,0.588122,0.571579,0.508680,0.505575,0.453606,0.438043,0.434794,0.407259,0.409038,0.425448,0.393946,0.697308,0.467194,0.455582,0.442833,0.277955,0.364750,0.271964,0.262891,0.253799,0.207598,0.188612,0.273553,0.236353,0.236662,0.133846,0.178781,0.168877,0.130233,0.130296,0.090932,0.108277,0.100100,0.094680,0.101465,0.101971,0.087103,0,1
-42.949374,1.737968,0.235046,1.226436,-0.146931,0.413763,-0.262619,0.299415,-0.066904,0.115342,0.076615,0.197259,0.177378,0.870638,0.477810,0.510943,0.517663,0.465178,0.467038,0.422558,0.393457,0.397351,0.370596,0.377076,0.377668,0.369092,0.771462,0.370132,0.416153,0.486407,0.361378,0.265186,0.323034,0.279110,0.214804,0.174638,0.186344,0.266217,0.188796,0.222995,0.131428,0.150101,0.143523,0.114743,0.121012,0.082533,0.089776,0.094727,0.079345,0.101792,0.080345,0.071156,0,1
-43.049403,1.311661,0.412202,1.262337,-0.286284,0.512474,-0.271419,0.371216,-0.177864,0.170941,0.082673,0.099474,0.018938,0.756616,0.479745,0.546166,0.500363,0.459387,0.476904,0.434187,0.399629,0.395942,0.394234,0.382570,0.365548,0.367503,0.499648,0.333693,0.460895,0.298783,0.210994,0.288385,0.201335,0.204067,0.220789,0.201082,0.162945,0.172399,0.162115,0.194365,0.124159,0.176298,0.142145,0.095480,0.124336,0.081954,0.086557,0.093972,0.078060,0.089616,0.077950,0.077536,0,1
-42.953511,1.427933,0.703031,1.337560,-0.183121,0.500978,-0.342010,0.448227,-0.163634,0.190439,0.155059,0.038734,0.138970,0.883371,0.493868,0.602225,0.544154,0.471916,0.448801,0.446479,0.423058,0.425746,0.397826,0.385976,0.380609,0.368901,0.660005,0.256669,0.324127,0.276590,0.264321,0.272786,0.225409,0.214061,0.174044,0.158675,0.151380,0.202451,0.184955,0.205383,0.126136,0.219339,0.159866,0.109815,0.126563,0.095329,0.103611,0.109315,0.087324,0.078362,0.084890,0.081975,0,1
-43.365485,0.622218,0.836791,0.969877,-0.087271,0.288148,-0.248602,0.464010,-0.096909,0.235565,0.109190,0.130398,0.133252,0.967765,0.498463,0.551852,0.506912,0.460185,0.460666,0.455832,0.405294,0.395827,0.372686,0.369626,0.389044,0.356612,0.721232,0.612570,0.524261,0.400755,0.288498,0.304690,0.244772,0.239833,0.246579,0.186653,0.161514,0.185152,0.210059,0.279611,0.120383,0.187249,0.182321,0.116640,0.127824,0.118503,0.098990,0.084887,0.096781,0.084753,0.109018,0.080131,0,1
-43.431959,1.748359,-0.113335,1.656465,-0.328319,0.529013,-0.203939,0.437965,0.023521,0.147563,0.159378,0.070969,0.110772,1.847287,0.712299,0.767261,0.592501,0.655926,0.478248,0.501689,0.470139,0.422914,0.406622,0.394615,0.382944,0.372047,1.421081,0.573251,0.439288,0.549124,0.345476,0.319352,0.231029,0.238750,0.226660,0.160901,0.183859,0.177196,0.141091,1.271740,0.276720,0.218909,0.198869,0.164804,0.144292,0.147432,0.107190,0.111715,0.085103,0.080408,0.082751,0.075724,0,1
-43.430859,1.709519,0.511082,1.071648,-0.408651,0.407853,-0.402728,0.260890,-0.183973,0.095961,0.101810,0.083870,0.113958,0.862287,0.504006,0.607839,0.547735,0.459768,0.466057,0.433664,0.431549,0.406417,0.387686,0.401657,0.388420,0.369245,0.660683,0.372980,0.432485,0.387781,0.217700,0.348721,0.254401,0.239824,0.212763,0.191580,0.207541,0.237558,0.185744,0.251837,0.123964,0.220220,0.179691,0.092409,0.148742,0.101047,0.114105,0.099655,0.089775,0.087398,0.092733,0.069053,0,1
-43.780151,1.163712,0.682436,1.275179,-0.012959,0.300799,-0.220240,0.336987,-0.184556,0.170519,0.219605,0.115062,0.059048,0.898157,0.548743,0.589871,0.572891,0.475577,0.482421,0.462833,0.416772,0.405318,0.367552,0.378201,0.381266,0.368851,0.627076,0.327300,0.401606,0.352704,0.291606,0.265382,0.227107,0.225367,0.190093,0.169277,0.172162,0.184476,0.159792,0.228470,0.139918,0.181423,0.203565,0.119702,0.123783,0.099560,0.099960,0.090123,0.077281,0.081629,0.080510,0.078580,0,1
-43.127149,0.959085,0.529498,1.315233,-0.183546,0.385190,-0.313833,0.284596,-0.150128,0.156679,-0.003228,-0.008804,0.127986,0.957056,0.556902,0.582095,0.570226,0.483362,0.484546,0.448585,0.423457,0.416812,0.422883,0.392241,0.391802,0.371951,0.601661,0.404998,0.432154,0.373682,0.248961,0.282068,0.244640,0.242481,0.212987,0.204463,0.190791,0.204211,0.201100,0.316648,0.158566,0.186275,0.202210,0.103049,0.129817,0.098186,0.093862,0.085494,0.104460,0.079075,0.099841,0.082808,0,1
-43.052736,1.456859,0.793615,1.342475,-0.253713,0.351821,-0.431179,0.303604,-0.087815,0.198444,0.145639,0.065538,-0.010019,0.917087,0.581652,0.587444,0.512188,0.502036,0.453920,0.467541,0.451991,0.422588,0.380350,0.388759,0.397859,0.385180,0.582878,0.497372,0.417263,0.391945,0.290639,0.338284,0.253017,0.265844,0.323485,0.245681,0.252695,0.183811,0.198157,0.256886,0.159008,0.200661,0.163475,0.118379,0.105710,0.114113,0.114297,0.110763,0.075300,0.082410,0.094545,0.094680,0,1
-45.108764,1.635819,0.137055,2.128644,-0.012835,0.623920,-0.015987,0.301908,0.085955,-0.077237,0.215456,0.187491,0.155593,1.642040,0.910656,0.737845,0.665640,0.549080,0.534342,0.480939,0.459480,0.442293,0.401841,0.413803,0.364636,0.377901,1.181079,0.537045,0.489654,0.551007,0.294447,0.399597,0.281574,0.351959,0.232194,0.199294,0.200275,0.183954,0.175389,0.786567,0.326347,0.217356,0.215851,0.140151,0.165688,0.111520,0.121041,0.136464,0.097841,0.110021,0.078801,0.094882,0,1
-44.231393,3.015306,-0.337396,1.017876,-0.165843,0.246890,0.240725,0.066350,0.361625,0.299049,0.183491,-0.174222,0.067407,0.835212,0.561843,0.594771,0.537495,0.482486,0.445002,0.435127,0.401868,0.423847,0.406056,0.382442,0.378781,0.396557,0.842189,0.526365,0.483065,0.503406,0.338853,0.338894,0.268845,0.267785,0.291581,0.209743,0.212205,0.264234,0.281240,0.257529,0.157225,0.187113,0.151637,0.117195,0.098974,0.086595,0.078785,0.081423,0.083256,0.072153,0.077911,0.082108,0,1
-44.051256,2.659563,-0.464546,1.461954,-0.220103,0.119921,0.216192,0.376325,0.276682,0.194406,-0.048304,-0.317909,0.002605,0.734765,0.514865,0.523106,0.478939,0.427765,0.423092,0.411127,0.399834,0.421664,0.396446,0.416974,0.387461,0.361831,0.681588,0.544758,0.503433,0.359129,0.249849,0.239333,0.214739,0.171244,0.297067,0.200419,0.301199,0.261595,0.245918,0.272828,0.157670,0.147838,0.108718,0.085949,0.095330,0.078945,0.080872,0.087592,0.081402,0.087919,0.073629,0.071939,0,1
-46.405079,2.824702,-0.222349,1.567001,0.040290,0.484626,0.131988,0.407236,0.072559,0.252165,0.123008,-0.237241,0.076863,0.932046,0.579521,0.531222,0.460157,0.480910,0.399999,0.389069,0.367389,0.385175,0.363841,0.367392,0.364249,0.348828,0.827294,0.513207,0.496871,0.324091,0.350332,0.225532,0.213714,0.175046,0.145896,0.148930,0.142383,0.159840,0.155138,0.368469,0.146475,0.126478,0.102943,0.112026,0.071224,0.069545,0.066405,0.068475,0.067261,0.062013,0.069088,0.068539,0,1
-47.847285,1.726183,-0.941572,1.405871,0.126652,1.027699,0.434309,0.106194,0.326584,0.453138,0.211972,-0.006076,0.059449,1.405781,0.668680,0.765127,0.601867,0.577425,0.502877,0.460516,0.425902,0.435879,0.443140,0.432235,0.421723,0.429782,0.982094,0.479645,0.533465,0.418424,0.389068,0.316050,0.254718,0.214012,0.222387,0.249717,0.209430,0.254191,0.261501,0.358831,0.192243,0.210017,0.199167,0.190708,0.127549,0.127223,0.086582,0.094183,0.101446,0.090944,0.095741,0.117733,0,1
-48.718010,2.852281,-1.344141,2.156176,-0.084878,0.945474,0.548224,0.216084,0.397228,0.295971,0.401123,-0.223790,0.130324,1.495213,0.675171,0.735826,0.613806,0.571339,0.468918,0.486340,0.429497,0.454067,0.424036,0.429327,0.438816,0.412789,0.963753,0.561382,0.614506,0.610144,0.461192,0.280793,0.381073,0.310209,0.277381,0.215367,0.306262,0.335823,0.343516,0.620838,0.229454,0.247082,0.197935,0.174210,0.115417,0.139535,0.090875,0.115853,0.099751,0.097405,0.094610,0.098311,0,1
-48.320103,2.224881,-1.427712,1.599929,0.144744,0.413326,0.382218,0.384709,0.676064,0.619315,0.381755,-0.458436,-0.413170,1.203222,0.559356,0.603574,0.526279,0.495885,0.423119,0.411211,0.419769,0.415015,0.396803,0.435927,0.413040,0.411447,0.797644,0.489844,0.449043,0.412602,0.367167,0.403471,0.266727,0.384245,0.345847,0.343960,0.315114,0.355869,0.314160,0.412525,0.172874,0.177059,0.161246,0.149617,0.093662,0.088984,0.090875,0.092681,0.088431,0.101629,0.086730,0.100510,0,1
-49.700200,1.982993,-0.727028,2.050538,-0.137441,0.516508,0.184082,0.422330,0.185451,0.217001,0.216155,-0.319807,0.039534,2.063815,0.770160,0.840054,0.715943,0.664616,0.529300,0.564901,0.483334,0.501856,0.460836,0.460781,0.471187,0.430740,3.247451,0.647016,1.166329,0.777462,0.645261,0.404016,0.399545,0.341746,0.375477,0.369164,0.381963,0.437831,0.342101,1.414465,0.317668,0.328859,0.245778,0.243731,0.167096,0.174489,0.141326,0.140063,0.096641,0.110336,0.134813,0.118415,0,1
-48.394542,1.699186,-0.665915,1.560240,0.078838,0.807506,0.532356,0.639683,0.424452,0.365686,0.052152,-0.136763,0.236054,1.177741,0.659007,0.739841,0.596625,0.546402,0.485758,0.474273,0.418152,0.448305,0.433909,0.413560,0.416092,0.407890,1.137710,0.582721,0.638093,0.451545,0.407834,0.292346,0.299597,0.324225,0.247966,0.353714,0.338466,0.282250,0.315675,0.367108,0.215793,0.254312,0.183794,0.149997,0.131220,0.119434,0.101238,0.106836,0.101146,0.111630,0.113060,0.125471,0,1
-50.757109,2.588423,-0.579746,2.145192,-0.283930,0.868416,0.386713,0.276861,0.261477,0.360865,0.286375,-0.452568,0.088530,1.895573,0.862263,0.825734,0.701633,0.564246,0.538865,0.561346,0.458698,0.469062,0.479530,0.467723,0.470360,0.444247,3.907638,0.848126,1.013004,0.675570,0.512044,0.482775,0.527723,0.366674,0.411629,0.476531,0.378479,0.496862,0.430565,1.390150,0.542167,0.426445,0.327378,0.267202,0.219730,0.222861,0.146237,0.188822,0.169318,0.167966,0.181857,0.137011,0,1
-48.073806,2.672670,0.055701,2.857413,-0.061210,0.782970,0.156053,-0.107690,-0.280644,0.337878,0.000847,0.013812,0.080541,1.860914,0.807051,0.783476,0.694818,0.560017,0.519642,0.492627,0.450094,0.421734,0.437248,0.415234,0.448741,0.445736,1.012051,0.547409,0.610407,0.491512,0.402410,0.282950,0.261867,0.243241,0.203756,0.263079,0.201259,0.357626,0.271053,0.634627,0.191599,0.295317,0.170713,0.136990,0.111072,0.113847,0.106463,0.082616,0.107732,0.091287,0.126774,0.104096,0,1
-48.923480,3.088591,-0.277483,1.269233,-0.330026,0.591169,0.146274,0.477798,-0.150834,0.277854,0.266836,0.125207,0.137325,2.062177,0.773251,0.756865,0.629719,0.666926,0.496634,0.466115,0.447981,0.434816,0.401401,0.410925,0.402675,0.402372,3.002799,0.763872,0.514350,0.659321,0.648291,0.332192,0.344306,0.312315,0.264818,0.199911,0.194969,0.224754,0.290464,1.210197,0.279174,0.245594,0.202645,0.270227,0.123445,0.113921,0.102947,0.096617,0.091670,0.085207,0.089889,0.092303,0,1
-49.827015,3.475821,0.874047,2.028820,0.259002,0.571291,-0.047315,0.485578,0.187471,0.521320,0.304241,-0.001645,0.269656,1.539819,0.710155,0.624646,0.633651,0.455484,0.492060,0.427754,0.404103,0.448095,0.400884,0.405811,0.402287,0.369777,1.781478,0.676079,0.769162,0.536513,0.316324,0.400401,0.329312,0.334161,0.351738,0.280536,0.288047,0.281652,0.285418,0.643315,0.268999,0.181270,0.203111,0.101793,0.142752,0.103140,0.099016,0.133600,0.098056,0.101478,0.102326,0.073904,0,1
-55.094043,2.293760,0.834557,1.848633,0.210142,0.247234,-0.464839,0.060676,0.007209,-0.188271,-0.167426,-0.127548,-0.032373,2.219186,0.985210,1.197150,0.676076,0.705156,0.554646,0.599769,0.541218,0.503820,0.521686,0.514170,0.495881,0.504712,2.748124,0.930229,0.823391,0.506503,0.396085,0.379619,0.294232,0.282519,0.322696,0.412911,0.385723,0.342145,0.380795,1.269776,0.423428,0.745153,0.282041,0.247347,0.159916,0.187639,0.178070,0.130517,0.178115,0.178557,0.177072,0.211939,0,1
-48.299468,2.259852,0.387398,0.699058,-0.231233,0.223297,-0.177496,0.125178,0.091186,0.177113,0.126600,0.186044,0.021034,1.886742,0.659150,0.605121,0.552487,0.523552,0.497675,0.458285,0.432247,0.443656,0.431445,0.416163,0.403183,0.388400,3.101311,0.677517,0.491140,0.555161,0.369847,0.335836,0.347801,0.302548,0.277418,0.207355,0.258032,0.224123,0.238427,1.636297,0.188511,0.184245,0.213083,0.123095,0.130059,0.108508,0.113642,0.108854,0.091215,0.092066,0.089166,0.074885,0,1
-45.441610,2.390321,0.006117,1.876750,0.053915,0.687212,0.365333,0.482996,0.021870,0.401053,0.258870,0.319025,0.066325,0.965319,0.758124,0.578284,0.515915,0.464395,0.447250,0.440713,0.438049,0.426660,0.411248,0.381549,0.408407,0.412994,0.725735,0.581363,0.414102,0.352364,0.288623,0.252799,0.286262,0.248794,0.280146,0.180740,0.166575,0.207611,0.290733,0.270181,0.232560,0.143872,0.149288,0.105302,0.107806,0.098595,0.092841,0.105209,0.086041,0.084010,0.106794,0.101393,0,1
-43.832830,2.160508,0.333182,1.852749,0.432742,0.526974,0.623375,0.115079,0.201536,0.265988,0.290754,0.136578,0.152028,1.455136,0.735522,0.711464,0.781949,0.598135,0.547436,0.496850,0.468980,0.437399,0.408644,0.431535,0.395442,0.384281,0.759099,0.645605,0.512000,0.602330,0.416809,0.321797,0.298945,0.309519,0.258755,0.214195,0.281294,0.228058,0.230149,0.559622,0.220862,0.262049,0.257216,0.181731,0.149344,0.127225,0.113689,0.110450,0.086579,0.097177,0.087276,0.079448,0,1
-55.350905,1.568210,1.142072,1.648482,0.349987,0.783846,0.146263,0.374404,0.015943,0.294215,0.063809,-0.010030,0.288487,1.847088,0.764483,0.585317,0.778700,0.560010,0.516635,0.507543,0.486991,0.448716,0.419280,0.402186,0.407281,0.366441,1.262584,0.827945,0.504843,0.711940,0.502344,0.367853,0.297756,0.298027,0.219192,0.250123,0.277983,0.213144,0.184147,0.827699,0.348203,0.210348,0.236075,0.183482,0.193292,0.137807,0.163657,0.124661,0.124520,0.100001,0.104877,0.090030,0,1
-45.854463,3.755865,0.306498,1.884342,0.166988,0.150018,0.317328,0.160268,-0.016330,0.303416,0.168009,-0.012932,0.105272,1.309249,0.813854,0.771794,0.679841,0.504272,0.461834,0.442322,0.425524,0.409185,0.417954,0.408262,0.364811,0.355120,2.741958,1.124041,0.985558,0.583792,0.403454,0.341514,0.452404,0.265711,0.291109,0.318872,0.199625,0.221520,0.199368,0.541763,0.357853,0.330868,0.206785,0.135509,0.123941,0.104830,0.083557,0.077410,0.096610,0.084917,0.069307,0.068876,0,1
-49.314059,1.603708,0.730557,2.061821,-0.296526,0.560951,0.182963,0.626618,0.401074,0.716947,0.326394,-0.145597,-0.047437,1.396454,0.619586,0.649357,0.468703,0.533121,0.426529,0.445153,0.416426,0.419962,0.411012,0.408022,0.391381,0.366852,1.480393,0.487813,0.554048,0.296844,0.469259,0.185898,0.248020,0.213191,0.213878,0.233747,0.275961,0.138187,0.134910,0.545895,0.178159,0.219056,0.124136,0.119221,0.094904,0.085917,0.082024,0.077837,0.077624,0.078538,0.076139,0.064494,0,1
-45.910176,2.019826,0.783591,1.130851,-0.150663,0.448410,-0.177896,0.173977,-0.074826,0.293686,0.054126,0.002952,0.196730,1.073091,0.539897,0.559221,0.504312,0.504430,0.449883,0.426873,0.420151,0.400714,0.406195,0.388865,0.407321,0.371874,1.058940,0.478458,0.660998,0.752672,0.467475,0.449476,0.409302,0.389584,0.399897,0.375565,0.426331,0.411772,0.358491,0.347112,0.120700,0.203757,0.149776,0.119763,0.110629,0.087669,0.090438,0.080211,0.082701,0.090307,0.078266,0.072340,0,1
-44.497534,1.770919,0.260324,1.440425,0.415414,0.476584,0.612174,0.409750,0.320149,0.354051,0.340204,0.038690,0.031035,1.618459,0.794482,0.804571,0.705809,0.546560,0.515528,0.484997,0.453838,0.428698,0.415290,0.426335,0.362822,0.375737,0.912571,0.566262,0.582559,0.485242,0.399967,0.289470,0.270610,0.280883,0.253011,0.209154,0.223462,0.161824,0.171249,0.513540,0.254543,0.267186,0.232708,0.173759,0.121921,0.124370,0.121848,0.093910,0.092473,0.106578,0.074195,0.081594,0,1
-47.664584,1.747468,-0.535498,1.284730,0.476088,0.698492,0.035569,0.088642,-0.127470,0.238806,-0.005086,0.101676,0.134345,1.567425,0.728716,0.753685,0.559469,0.512731,0.437463,0.447205,0.423965,0.433614,0.428973,0.441836,0.411701,0.399817,1.346394,0.545956,0.524488,0.507496,0.335542,0.278599,0.232897,0.229105,0.255619,0.270716,0.351289,0.276132,0.277169,0.856252,0.213978,0.269709,0.147418,0.137012,0.096498,0.099989,0.094361,0.096396,0.093130,0.122439,0.094451,0.095115,0,1
-48.357706,1.740224,0.507416,1.264290,0.622906,0.191670,0.215336,0.303701,0.149157,0.121167,0.179470,0.137033,-0.015384,1.960479,0.780597,0.700476,0.615784,0.493973,0.522692,0.461128,0.449693,0.430103,0.415264,0.430478,0.425485,0.390963,2.196730,0.610989,0.621813,0.475501,0.365215,0.331018,0.382119,0.297131,0.242033,0.264605,0.250284,0.295107,0.175407,0.843320,0.236385,0.234901,0.204508,0.156250,0.125940,0.092657,0.099520,0.081595,0.085501,0.096112,0.099265,0.075949,0,1
-44.038929,3.643775,-1.131043,0.734421,-0.276375,0.343896,0.300466,0.046043,0.289126,0.019341,0.365592,-0.020205,0.031562,1.091202,0.584031,0.578887,0.447947,0.443188,0.424995,0.391564,0.392238,0.402130,0.391370,0.391263,0.372718,0.368015,1.154251,0.525853,0.406009,0.378058,0.272915,0.218654,0.203495,0.269228,0.259835,0.177842,0.243881,0.172807,0.158901,0.467545,0.172726,0.160748,0.105911,0.091694,0.087249,0.060438,0.079660,0.079023,0.067898,0.094409,0.081292,0.071445,0,1
-46.472659,2.710543,-0.137367,1.159562,-0.190589,0.811625,0.162373,0.258570,-0.000224,0.378544,0.131274,0.270743,-0.149191,1.193895,0.593770,0.594382,0.529064,0.518576,0.456194,0.448270,0.420852,0.432664,0.435209,0.412716,0.395138,0.386705,0.967237,0.459186,0.387386,0.529321,0.373825,0.298738,0.177101,0.217132,0.187503,0.244856,0.289339,0.306377,0.199442,0.420244,0.177954,0.158154,0.155818,0.124397,0.122589,0.102447,0.107525,0.097411,0.100372,0.085147,0.084519,0.082152,0,1
-44.864744,2.899683,0.761452,2.167247,-0.156490,0.264476,0.149405,-0.084054,0.423834,0.399632,-0.092412,0.094470,-0.074931,1.129182,0.809841,0.555482,0.484269,0.430710,0.384062,0.368403,0.369072,0.376426,0.357342,0.383684,0.353678,0.342651,1.069607,0.713081,0.528042,0.544593,0.330576,0.255482,0.255945,0.242523,0.235375,0.182822,0.203160,0.208573,0.207062,0.676335,0.369684,0.177795,0.123331,0.091129,0.067538,0.068919,0.064930,0.062339,0.071663,0.073198,0.063480,0.067295,0,1
-43.669080,2.752438,-0.283491,1.029395,-0.084526,0.329120,-0.137947,0.520758,0.090696,0.108989,0.153669,0.074454,-0.021190,1.666199,0.737732,0.593903,0.579687,0.492903,0.473204,0.459412,0.469609,0.436067,0.443909,0.414844,0.417489,0.380477,1.620532,0.548392,0.371157,0.556746,0.335794,0.338316,0.358434,0.313681,0.291515,0.407187,0.223115,0.248499,0.220354,0.805805,0.273873,0.189094,0.186508,0.131414,0.097899,0.118753,0.113051,0.106673,0.140741,0.097093,0.098880,0.087809,0,1
-45.905088,2.380477,0.109008,1.229163,0.443813,0.242454,-0.221627,0.698044,-0.156002,0.137972,0.169898,0.070076,0.060307,1.607497,0.680829,0.641427,0.628981,0.536625,0.544424,0.537821,0.535436,0.541961,0.461205,0.481490,0.473698,0.475894,1.504461,0.574994,0.486546,0.425845,0.342728,0.312436,0.293506,0.363686,0.301688,0.309130,0.282520,0.256771,0.300327,0.443648,0.203151,0.161144,0.181289,0.115151,0.139992,0.110431,0.130412,0.120442,0.094865,0.102964,0.098751,0.130982,0,1
-48.774246,2.444260,0.184119,1.085864,-0.242950,0.381012,-0.177629,-0.129145,0.251211,0.323450,0.191832,0.260239,0.147733,1.421632,0.700957,0.709429,0.644693,0.537606,0.545648,0.484814,0.466100,0.469634,0.454109,0.448500,0.423238,0.407320,1.424828,0.641751,0.597361,0.688652,0.621116,0.494832,0.346241,0.291837,0.312128,0.345776,0.273610,0.251666,0.283875,0.726074,0.261735,0.258293,0.213566,0.145984,0.178313,0.122996,0.127989,0.131475,0.107395,0.118018,0.101721,0.094339,0,1
-43.300879,1.360422,1.108170,1.134890,0.061975,0.180793,0.407741,-0.029224,0.115240,0.193600,0.351409,0.205653,0.038587,1.384621,0.686899,0.670097,0.669609,0.627257,0.468981,0.513870,0.443931,0.431186,0.443956,0.429590,0.405060,0.395937,1.135276,0.522841,0.544193,0.457710,0.411846,0.241563,0.393605,0.277747,0.232709,0.198787,0.243477,0.200529,0.178657,0.438817,0.172545,0.233439,0.225858,0.196867,0.110217,0.132900,0.095564,0.096354,0.102002,0.104722,0.087747,0.079137,0,1
-50.791988,3.120770,0.201421,2.562612,0.419966,0.278467,0.034649,0.219459,0.278568,0.228624,0.162557,0.271408,-0.064101,2.717366,1.200867,1.008432,0.805201,0.679884,0.576202,0.542622,0.559889,0.476325,0.485315,0.442069,0.445090,0.445279,2.955630,0.779249,0.992533,0.652206,0.421921,0.527310,0.535828,0.431325,0.285838,0.393942,0.247088,0.243338,0.310376,1.471538,0.469448,0.473860,0.367726,0.229697,0.142881,0.149171,0.196761,0.118222,0.169407,0.108922,0.123532,0.106329,0,1
-48.408399,3.560733,-0.269972,2.469672,0.265269,0.656161,0.094744,0.617993,0.277872,0.725911,0.213441,-0.066036,-0.102957,1.361357,0.567792,0.482825,0.468549,0.393352,0.384546,0.399543,0.383540,0.391000,0.390049,0.374572,0.364330,0.345879,2.165502,0.632909,0.438226,0.437673,0.398259,0.366391,0.296674,0.446065,0.429675,0.390532,0.265725,0.289688,0.243997,0.805454,0.212898,0.169670,0.137505,0.110374,0.098113,0.106578,0.123572,0.092793,0.108044,0.106719,0.102559,0.088692,0,1
-48.878696,2.871344,-0.017596,1.192334,0.553928,0.898055,0.550176,0.516712,-0.352998,0.439908,0.530916,0.273112,-0.014772,1.501405,0.793074,0.700755,0.557386,0.482941,0.461337,0.455215,0.436995,0.508281,0.425934,0.442546,0.438585,0.404678,1.308363,1.014582,0.500314,0.495313,0.295890,0.263505,0.263885,0.247179,0.381031,0.229414,0.379800,0.348036,0.219700,0.448691,0.274487,0.199638,0.171005,0.112780,0.124282,0.099976,0.105456,0.137646,0.115818,0.127469,0.130536,0.101182,0,1
-48.329751,3.626177,0.862432,0.801207,-0.043189,0.504854,0.360712,0.424393,-0.283658,0.491057,0.276457,0.180442,0.118063,1.503806,0.832110,0.624207,0.570358,0.506367,0.482251,0.472013,0.447471,0.442847,0.439841,0.430038,0.445791,0.437277,2.096597,0.905497,0.732019,0.720735,0.347908,0.411073,0.337110,0.366493,0.272141,0.343629,0.254821,0.337592,0.427169,0.545168,0.360950,0.218126,0.194093,0.129790,0.134255,0.126113,0.095305,0.086144,0.119806,0.095534,0.114179,0.114103,0,1
-46.669352,3.954723,0.403483,1.603183,0.048232,0.830921,0.060972,0.198809,0.166372,0.336571,0.146928,0.330824,0.198052,1.318022,0.705112,0.611831,0.695951,0.526271,0.517379,0.461860,0.452139,0.435699,0.415224,0.420813,0.440205,0.405586,0.863099,0.594789,0.513458,0.716495,0.355317,0.361201,0.301558,0.284652,0.302483,0.220340,0.259145,0.300060,0.285217,0.443585,0.210221,0.224368,0.232763,0.151206,0.156950,0.113693,0.107336,0.111785,0.097212,0.100174,0.103250,0.092859,0,1
-49.352942,1.793426,0.788079,1.629254,-0.151067,0.983782,0.439227,0.748542,0.184448,0.469533,0.217515,0.292373,-0.018466,1.020241,0.571860,0.570951,0.465599,0.482995,0.480114,0.436015,0.439593,0.400265,0.397312,0.404590,0.369519,0.369997,0.626317,0.298061,0.243654,0.221180,0.194777,0.205960,0.156306,0.169079,0.180241,0.160466,0.151485,0.124226,0.164764,0.293571,0.149881,0.113610,0.096256,0.107349,0.105359,0.088791,0.093969,0.073572,0.077988,0.082627,0.068949,0.074500,0,1
-49.197886,2.568919,0.274658,0.882958,-0.328523,-0.072913,-0.223012,0.417800,0.149883,0.110430,-0.257606,-0.254327,-0.001458,1.749399,0.816244,0.788175,0.765688,0.603927,0.549855,0.523937,0.519369,0.511030,0.512888,0.490750,0.497000,0.509680,2.529721,0.806379,0.710517,1.127755,0.455252,0.318485,0.315859,0.354245,0.529444,0.582551,0.506937,0.515562,0.427318,0.981405,0.339598,0.334566,0.355458,0.169687,0.191855,0.184518,0.143905,0.188058,0.188176,0.153730,0.180130,0.162791,0,1
-45.760374,2.948494,0.033987,0.634049,-0.221315,0.564919,0.589493,0.155787,-0.177961,0.117306,-0.002907,0.025585,-0.002378,1.364686,0.747309,0.614386,0.561235,0.483304,0.463339,0.413044,0.420675,0.411319,0.388426,0.404753,0.395103,0.390673,1.331932,0.534798,0.499759,0.573895,0.279994,0.320263,0.220749,0.179641,0.237118,0.176202,0.183425,0.205824,0.235701,0.862954,0.266673,0.231487,0.172976,0.110610,0.128194,0.097113,0.108554,0.101019,0.086798,0.091536,0.086293,0.103026,0,1
-46.849527,2.223807,0.529618,1.568405,0.106954,0.448555,0.345362,0.317610,-0.076293,0.288923,0.059351,0.044111,-0.061183,2.306145,1.002115,0.764913,0.601240,0.544041,0.475731,0.437055,0.403311,0.401882,0.387919,0.387569,0.385447,0.375761,2.158701,1.007506,1.106947,0.739913,0.644450,0.261644,0.252068,0.227401,0.194045,0.172654,0.226003,0.178541,0.205681,1.255719,0.453354,0.380326,0.321019,0.242408,0.121754,0.112610,0.110562,0.092487,0.089064,0.097441,0.096569,0.087852,0,1
-48.417745,2.773540,0.521892,2.204339,0.392449,0.720221,0.475380,0.277936,0.136865,0.251231,0.061091,0.177664,0.109098,1.306625,0.662303,0.529098,0.569233,0.441221,0.430839,0.413046,0.384764,0.387765,0.423715,0.387285,0.399640,0.389065,4.041246,0.869347,1.234449,0.457085,0.322245,0.260555,0.342048,0.255173,0.298253,0.246622,0.351870,0.329120,0.274670,0.560861,0.235537,0.165708,0.186104,0.138421,0.100310,0.096121,0.072158,0.089395,0.109084,0.097949,0.125714,0.104022,0,1
-49.223359,2.684660,-0.227882,1.573189,0.184837,0.572163,0.323244,0.270629,0.008797,0.236147,0.245245,-0.148670,0.004405,2.761101,0.842842,0.855612,0.523385,0.494469,0.439054,0.399682,0.402402,0.426776,0.369965,0.366098,0.377319,0.351053,3.706482,1.054853,0.964099,0.409897,0.484588,0.395212,0.257716,0.242209,0.300185,0.226608,0.215821,0.283706,0.275655,1.589853,0.419338,0.314205,0.160608,0.127789,0.136987,0.086914,0.090932,0.109764,0.082327,0.099136,0.086831,0.081010,0,1
-47.626640,2.430410,0.007151,1.235791,0.019310,0.333767,0.429450,0.322211,-0.129216,0.233939,0.080947,0.050432,-0.058486,2.227400,0.920387,0.773033,0.647574,0.585203,0.530767,0.439184,0.438285,0.458486,0.425978,0.430831,0.406868,0.410179,1.566606,0.585456,0.585668,0.467185,0.328155,0.268510,0.204635,0.188349,0.276223,0.178635,0.230427,0.197034,0.163274,1.557127,0.394459,0.392172,0.231501,0.222581,0.179345,0.104452,0.106374,0.111900,0.111282,0.114456,0.110746,0.106473,0,1
